1712587721044 1.0 7992
1712587721189 2.0 7992
1712587721255 3.0 7992
1712587721333 4.0 7992
1712587721411 5.0 7992
1712587721489 6.0 7992
1712587721552 7.0 7992
1712587721630 8.0 7992
1712587735285 9.0 13328
1712587737632 10.0 14272
1712587738509 11.0 14464
1712587742226 12.0 15872
1712587742974 13.0 15984
1712587743099 14.0 15984
1712587743178 15.0 15984
1712587743256 16.0 15984
1712587745954 17.0 17000
1712587746804 18.0 17392
1712587760957 19.0 20104
1712587761732 20.0 20288
1712587761860 21.0 20288
1712587763375 22.0 20984
1712587764701 23.0 21280
1712587765494 24.0 21648
1712587766820 25.0 22104
1712587767752 26.0 22456
1712587767913 27.0 22456
1712587768661 28.0 22768
1712587772232 29.0 23864
1712587772390 30.0 23960
1712587772473 31.0 23976
1712587773249 32.0 24144
1712587774211 33.0 24352
1712587775815 34.0 24640
1712587776711 35.0 24896
1712587776866 36.0 24928
1712587778628 37.0 25528
1712587780767 38.0 26168
1712587780892 39.0 26192
1712587781002 40.0 26304
1712587782393 41.0 26712
1712587783876 42.0 27232
1712587784002 43.0 27232
1712587785471 44.0 27800
1712587786297 45.0 27984
1712587787800 46.0 28584
1712587787941 47.0 28648
1712587789877 48.0 29296
1712587790644 49.0 29568
1712587792036 50.0 30072
1712587792192 51.0 30176
1712587792861 52.0 30216
1712587793630 53.0 30560
1712587794364 54.0 30736
1712587795099 55.0 31008
1712587796534 56.0 31600
1712587797925 57.0 32200
1712587798037 58.0 32208
1712587800007 59.0 32880
1712587800819 60.0 33240
1712587800945 61.0 33264
1712587803491 62.0 34096
1712587804242 63.0 34408
1712587804382 64.0 34480
1712587808259 65.0 35912
1712587808399 66.0 35976
1712587809697 67.0 36384
1712587809851 68.0 36528
1712587811166 69.0 37032
1712587811981 70.0 37152
1712587814011 71.0 38120
1712587814745 72.0 38280
1712587816135 73.0 38776
1712587816276 74.0 38872
1712587817589 75.0 39176
1712587818372 76.0 39480
1712587818513 77.0 39600
1712587818606 78.0 39624
1712587826105 79.0 40368
1712587826247 80.0 40416
1712587826930 81.0 40528
1712587827061 82.0 40568
1712587827764 83.0 40816
1712587828529 84.0 41032
1712587831187 85.0 42152
1712587831937 86.0 42304
1712587832093 87.0 42448
1712587833406 88.0 42888
1712587835502 89.0 43392
1712587836308 90.0 43632
1712587837111 91.0 43936
1712587837251 92.0 44008
1712587837925 93.0 44152
1712587839315 94.0 44800
1712587840672 95.0 45192
1712587842048 96.0 45672
1712587842782 97.0 45920
1712587843549 98.0 46256
1712587845564 99.0 47104
1712587846293 100.0 47192
1712587847049 101.0 47368
1712587848440 102.0 47904
1712587848581 103.0 48016
1712587849285 104.0 48240
1712587850628 105.0 48664
1712587850753 106.0 48704
1712587850848 107.0 48784
1712587851566 108.0 49048
1712587852973 109.0 49496
1712587853738 110.0 49776
1712587853877 111.0 49816
1712587855192 112.0 50328
1712587855891 113.0 50440
1712587857318 114.0 51200
1712587858052 115.0 51360
1712587858193 116.0 51408
1712587859537 117.0 51888
1712587860928 118.0 52408
1712587861740 119.0 52632
1712587863725 120.0 53352
1712587863863 121.0 53360
1712587863929 122.0 53384
1712587864616 123.0 53528
1712587867930 124.0 54872
1712587868086 125.0 55000
1712587868164 126.0 55000
1712587870055 127.0 55608
1712587870196 128.0 55672
1712587870274 129.0 55744
1712587871009 130.0 56032
1712587873010 131.0 56816
1712587873760 132.0 57040
1712587875120 133.0 57392
1712587875276 134.0 57512
1712587877261 135.0 58144
1712587877432 136.0 58288
1712587878776 137.0 58768
1712587879542 138.0 59096
1712587880261 139.0 59144
1712587888060 140.0 60216
1712587888217 141.0 60408
1712587888919 142.0 60504
1712587889060 143.0 60624
1712587890389 144.0 61024
1712587891764 145.0 61472
1712587891921 146.0 61536
1712587892608 147.0 61712
1712587892749 148.0 61824
1712587894062 149.0 62288
1712587894827 150.0 62696
1712587896195 151.0 63016
1712587896984 152.0 63376
1712587897140 153.0 63432
1712587899704 154.0 64352
1712587899846 155.0 64432
1712587900547 156.0 64616
1712587900672 157.0 64656
1712587901376 158.0 64808
1712587905235 159.0 66528
1712587906004 160.0 66736
1712587906745 161.0 66912
1712587906875 162.0 66952
1712587907565 163.0 67208
1712587907705 164.0 67312
1712587908361 165.0 67368
1712587909737 166.0 67912
1712587911097 167.0 68424
1712587913097 168.0 69128
1712587914472 169.0 69744
1712587915238 170.0 70136
1712587915961 171.0 70232
1712587916109 172.0 70352
1712587916187 173.0 70368
1712587920646 174.0 72160
1712587921364 175.0 72240
1712587922131 176.0 72544
1712587924147 177.0 73312
1712587928710 178.0 75112
1712587928848 179.0 75120
1712587928945 180.0 75256
1712587929601 181.0 75296
1712587933463 182.0 76872
1712587935494 183.0 77736
1712587936866 184.0 78224
1712587936994 185.0 78248
1712587938322 186.0 78696
1712587939729 187.0 79320
1712587940464 188.0 79504
1712587948122 189.0 80560
1712587948869 190.0 80800
1712587949622 191.0 81016
1712587951654 192.0 81792
1712587954356 193.0 82784
1712587955761 194.0 83344
1712587956553 195.0 83616
1712587957941 196.0 84160
1712587958675 197.0 84352
1712587960065 198.0 84960
1712587962049 199.0 85728
1712587963409 200.0 86216
1712587964128 201.0 86352
1712587967331 202.0 87672
1712587967471 203.0 87768
1712587970643 204.0 88952
1712587971393 205.0 89216
1712587972736 206.0 89688
1712587972877 207.0 89776
1712587973564 208.0 90080
1712587974283 209.0 90136
1712587974408 210.0 90160
1712587975720 211.0 90680
1712587975862 212.0 90816
1712587976580 213.0 91064
1712587982955 214.0 93520
1712587984345 215.0 94128
1712587985767 216.0 94592
1712587986548 217.0 94952
1712587987298 218.0 95032
1712587988079 219.0 95240
1712587988251 220.0 95344
1712587988985 221.0 95712
1712587989719 222.0 95880
1712587990500 223.0 96216
1712587991234 224.0 96408
1712587991375 225.0 96440
1712587992046 226.0 96600
1712587992187 227.0 96664
1712587994140 228.0 97520
1712587994843 229.0 97584
1712587994999 230.0 97680
1712587995077 231.0 97728
1712587996405 232.0 98160
1712587996561 233.0 98280
1712587997217 234.0 98336
1712587997967 235.0 98576
1712587998108 236.0 98712
1712587998811 237.0 98912
1712588000217 238.0 99424
1712588000967 239.0 99760
1712588001108 240.0 99840
1712588001780 241.0 99880
1712588001905 242.0 99960
1712588001983 243.0 99984
