1712587721060 366.0 7992
1712587721199 364.0 7992
1712587721271 363.0 7992
1712587721349 362.0 7992
1712587721411 360.0 7992
1712587721489 359.0 7992
1712587721568 358.0 7992
1712587721646 357.0 7992
1712587735300 369.0 13328
1712587737647 371.0 14272
1712587738513 368.0 14464
1712587742242 369.0 15872
1712587742990 365.0 15984
1712587743115 364.0 15984
1712587743193 363.0 15984
1712587743271 363.0 15984
1712587745964 364.0 17000
1712587746817 365.0 17392
1712587760973 325.0 20104
1712587761742 324.0 20288
1712587761871 324.0 20288
1712587763385 327.0 20984
1712587764712 325.0 21280
1712587765504 326.0 21648
1712587766834 327.0 22104
1712587767765 327.0 22456
1712587767923 327.0 22456
1712587768675 328.0 22768
1712587772243 326.0 23864
1712587772400 327.0 23960
1712587772483 327.0 23976
1712587773259 326.0 24144
1712587774222 324.0 24352
1712587775827 324.0 24640
1712587776722 321.0 24896
1712587776877 321.0 24928
1712587778638 321.0 25528
1712587780767 321.0 26168
1712587780914 320.0 26192
1712587781002 321.0 26304
1712587782408 321.0 26712
1712587783893 321.0 27232
1712587784018 321.0 27232
1712587785487 322.0 27800
1712587786313 321.0 27984
1712587787816 322.0 28584
1712587787957 322.0 28648
1712587789894 323.0 29296
1712587790660 323.0 29568
1712587792051 324.0 30072
1712587792192 324.0 30176
1712587792861 322.0 30216
1712587793646 323.0 30560
1712587794380 323.0 30736
1712587795115 323.0 31008
1712587796534 324.0 31600
1712587797929 326.0 32200
1712587798053 326.0 32208
1712587800022 326.0 32880
1712587800819 327.0 33240
1712587800960 327.0 33264
1712587803491 327.0 34096
1712587804257 327.0 34408
1712587804398 327.0 34480
1712587808259 329.0 35912
1712587808399 329.0 35976
1712587809713 329.0 36384
1712587809855 330.0 36528
1712587811181 330.0 37032
1712587811996 329.0 37152
1712587814026 332.0 38120
1712587814761 331.0 38280
1712587816145 331.0 38776
1712587816276 332.0 38872
1712587817605 331.0 39176
1712587818372 331.0 39480
1712587818528 332.0 39600
1712587818606 332.0 39624
1712587826121 318.0 40368
1712587826247 318.0 40416
1712587826936 317.0 40528
1712587827061 317.0 40568
1712587827780 317.0 40816
1712587828529 317.0 41032
1712587831202 319.0 42152
1712587831952 318.0 42304
1712587832093 319.0 42448
1712587833422 319.0 42888
1712587835517 318.0 43392
1712587836308 318.0 43632
1712587837111 318.0 43936
1712587837251 318.0 44008
1712587837935 318.0 44152
1712587839315 319.0 44800
1712587840688 319.0 45192
1712587842048 319.0 45672
1712587842797 319.0 45920
1712587843549 320.0 46256
1712587845580 321.0 47104
1712587846309 320.0 47192
1712587847049 320.0 47368
1712587848456 321.0 47904
1712587848597 321.0 48016
1712587849285 321.0 48240
1712587850644 321.0 48664
1712587850769 321.0 48704
1712587850860 321.0 48784
1712587851566 322.0 49048
1712587852973 322.0 49496
1712587853754 322.0 49776
1712587853877 322.0 49816
1712587855192 322.0 50328
1712587855902 322.0 50440
1712587857333 323.0 51200
1712587858068 323.0 51360
1712587858193 323.0 51408
1712587859537 323.0 51888
1712587861006 324.0 52408
1712587861756 323.0 52632
1712587863741 324.0 53352
1712587863863 324.0 53360
1712587863944 324.0 53384
1712587864616 323.0 53528
1712587867945 325.0 54872
1712587868102 325.0 55000
1712587868180 325.0 55000
1712587870071 325.0 55608
1712587870212 325.0 55672
1712587870290 325.0 55744
1712587871025 326.0 56032
1712587873025 326.0 56816
1712587873760 326.0 57040
1712587875135 326.0 57392
1712587875291 326.0 57512
1712587877261 326.0 58144
1712587877432 327.0 58288
1712587878776 327.0 58768
1712587879557 327.0 59096
1712587880277 326.0 59144
1712587888060 318.0 60216
1712587888232 319.0 60408
1712587888928 319.0 60504
1712587889060 319.0 60624
1712587890405 319.0 61024
1712587891780 319.0 61472
1712587891931 319.0 61536
1712587892608 319.0 61712
1712587892764 319.0 61824
1712587894062 319.0 62288
1712587894827 320.0 62696
1712587896211 319.0 63016
1712587897000 320.0 63376
1712587897156 320.0 63432
1712587899720 321.0 64352
1712587899856 321.0 64432
1712587900547 321.0 64616
1712587900688 320.0 64656
1712587901392 320.0 64808
1712587905235 322.0 66528
1712587906014 322.0 66736
1712587906745 322.0 66912
1712587906875 322.0 66952
1712587907580 322.0 67208
1712587907721 322.0 67312
1712587908377 322.0 67368
1712587909737 322.0 67912
1712587911112 322.0 68424
1712587913112 323.0 69128
1712587914488 324.0 69744
1712587915254 324.0 70136
1712587915972 324.0 70232
1712587916124 324.0 70352
1712587916202 324.0 70368
1712587920661 325.0 72160
1712587921380 325.0 72240
1712587922147 325.0 72544
1712587924162 325.0 73312
1712587928726 327.0 75112
1712587928853 327.0 75120
1712587928945 327.0 75256
1712587929601 326.0 75296
1712587933478 328.0 76872
1712587935509 329.0 77736
1712587936866 329.0 78224
1712587937010 329.0 78248
1712587938322 329.0 78696
1712587939729 329.0 79320
1712587940464 329.0 79504
1712587948122 323.0 80560
1712587948886 323.0 80800
1712587949638 323.0 81016
1712587951670 324.0 81792
1712587954356 324.0 82784
1712587955777 324.0 83344
1712587956569 324.0 83616
1712587957942 325.0 84160
1712587958675 325.0 84352
1712587960065 325.0 84960
1712587962065 326.0 85728
1712587963409 326.0 86216
1712587964128 326.0 86352
1712587967346 327.0 87672
1712587967487 327.0 87768
1712587970643 327.0 88952
1712587971393 327.0 89216
1712587972752 327.0 89688
1712587972893 328.0 89776
1712587973580 328.0 90080
1712587974299 327.0 90136
1712587974424 327.0 90160
1712587975736 328.0 90680
1712587975877 328.0 90816
1712587976596 328.0 91064
1712587982971 329.0 93520
1712587984361 330.0 94128
1712587985783 330.0 94592
1712587986564 330.0 94952
1712587987313 329.0 95032
1712587988095 329.0 95240
1712587988251 329.0 95344
1712587989000 330.0 95712
1712587989734 330.0 95880
1712587990516 330.0 96216
1712587991250 330.0 96408
1712587991375 330.0 96440
1712587992062 329.0 96600
1712587992203 329.0 96664
1712587994156 330.0 97520
1712587994859 330.0 97584
1712587995015 330.0 97680
1712587995093 330.0 97728
1712587996405 330.0 98160
1712587996561 330.0 98280
1712587997233 330.0 98336
1712587997967 330.0 98576
1712587998123 330.0 98712
1712587998827 330.0 98912
1712588000217 330.0 99424
1712588000983 330.0 99760
1712588001123 330.0 99840
1712588001780 330.0 99880
1712588001920 330.0 99960
1712588001998 330.0 99984
