1712587721075 21.0 7992
1712587721208 21.0 7992
1712587721286 21.0 7992
1712587721349 22.0 7992
1712587721427 22.0 7992
1712587721505 22.0 7992
1712587721583 22.0 7992
1712587721661 22.0 7992
1712587735316 36.0 13328
1712587737647 38.0 14272
1712587738528 39.0 14464
1712587742242 42.0 15872
1712587742990 43.0 15984
1712587743115 43.0 15984
1712587743193 43.0 15984
1712587743271 43.0 15984
1712587745965 46.0 17000
1712587746832 47.0 17392
1712587760988 61.0 20104
1712587761752 62.0 20288
1712587761881 62.0 20288
1712587763396 64.0 20984
1712587764722 65.0 21280
1712587765515 66.0 21648
1712587766847 67.0 22104
1712587767777 68.0 22456
1712587767940 68.0 22456
1712587768687 69.0 22768
1712587772253 72.0 23864
1712587772412 73.0 23960
1712587772494 73.0 23976
1712587773269 73.0 24144
1712587774232 74.0 24352
1712587775839 75.0 24640
1712587776733 77.0 24896
1712587776887 77.0 24928
1712587778652 79.0 25528
1712587780783 81.0 26168
1712587780924 81.0 26192
1712587781018 81.0 26304
1712587782424 83.0 26712
1712587783893 84.0 27232
1712587784034 84.0 27232
1712587785487 86.0 27800
1712587786328 87.0 27984
1712587787831 88.0 28584
1712587787973 88.0 28648
1712587789894 90.0 29296
1712587790660 91.0 29568
1712587792067 92.0 30072
1712587792208 92.0 30176
1712587792878 93.0 30216
1712587793661 94.0 30560
1712587794380 95.0 30736
1712587795131 95.0 31008
1712587796549 97.0 31600
1712587797944 98.0 32200
1712587798069 98.0 32208
1712587800022 100.0 32880
1712587800835 101.0 33240
1712587800976 101.0 33264
1712587803507 104.0 34096
1712587804273 104.0 34408
1712587804414 105.0 34480
1712587808274 108.0 35912
1712587808423 109.0 35976
1712587809713 110.0 36384
1712587809866 110.0 36528
1712587811181 111.0 37032
1712587811996 112.0 37152
1712587814026 114.0 38120
1712587814776 115.0 38280
1712587816151 116.0 38776
1712587816292 117.0 38872
1712587817605 118.0 39176
1712587818388 119.0 39480
1712587818544 119.0 39600
1712587818622 119.0 39624
1712587826121 126.0 40368
1712587826263 126.0 40416
1712587826936 127.0 40528
1712587827077 127.0 40568
1712587827780 128.0 40816
1712587828545 129.0 41032
1712587831218 131.0 42152
1712587831952 132.0 42304
1712587832109 132.0 42448
1712587833437 134.0 42888
1712587835533 136.0 43392
1712587836323 137.0 43632
1712587837126 137.0 43936
1712587837267 137.0 44008
1712587837939 138.0 44152
1712587839330 140.0 44800
1712587840688 141.0 45192
1712587842063 142.0 45672
1712587842797 143.0 45920
1712587843564 144.0 46256
1712587845580 146.0 47104
1712587846324 147.0 47192
1712587847065 147.0 47368
1712587848456 149.0 47904
1712587848597 149.0 48016
1712587849300 150.0 48240
1712587850644 151.0 48664
1712587850785 151.0 48704
1712587850877 151.0 48784
1712587851581 152.0 49048
1712587852988 153.0 49496
1712587853754 154.0 49776
1712587853894 154.0 49816
1712587855208 155.0 50328
1712587855914 156.0 50440
1712587857349 158.0 51200
1712587858068 158.0 51360
1712587858209 158.0 51408
1712587859553 160.0 51888
1712587861022 161.0 52408
1712587861756 162.0 52632
1712587863756 164.0 53352
1712587863880 164.0 53360
1712587863960 164.0 53384
1712587864632 165.0 53528
1712587867961 168.0 54872
1712587868117 168.0 55000
1712587868180 168.0 55000
1712587870087 170.0 55608
1712587870212 170.0 55672
1712587870305 171.0 55744
1712587871040 171.0 56032
1712587873025 173.0 56816
1712587873775 174.0 57040
1712587875151 175.0 57392
1712587875307 176.0 57512
1712587877276 178.0 58144
1712587877448 178.0 58288
1712587878791 179.0 58768
1712587879573 180.0 59096
1712587880277 181.0 59144
1712587888076 188.0 60216
1712587888248 188.0 60408
1712587888936 189.0 60504
1712587889076 189.0 60624
1712587890420 191.0 61024
1712587891796 192.0 61472
1712587891937 192.0 61536
1712587892624 193.0 61712
1712587892764 193.0 61824
1712587894077 194.0 62288
1712587894844 195.0 62696
1712587896211 196.0 63016
1712587897015 197.0 63376
1712587897156 197.0 63432
1712587899735 200.0 64352
1712587899873 200.0 64432
1712587900563 201.0 64616
1712587900704 201.0 64656
1712587901392 202.0 64808
1712587905251 205.0 66528
1712587906024 206.0 66736
1712587906761 207.0 66912
1712587906892 207.0 66952
1712587907580 208.0 67208
1712587907721 208.0 67312
1712587908392 209.0 67368
1712587909752 210.0 67912
1712587911128 211.0 68424
1712587913112 213.0 69128
1712587914504 215.0 69744
1712587915269 215.0 70136
1712587915984 216.0 70232
1712587916140 216.0 70352
1712587916218 216.0 70368
1712587920677 221.0 72160
1712587921396 222.0 72240
1712587922162 222.0 72544
1712587924178 224.0 73312
1712587928726 229.0 75112
1712587928864 229.0 75120
1712587928961 229.0 75256
1712587929617 230.0 75296
1712587933494 234.0 76872
1712587935509 236.0 77736
1712587936883 237.0 78224
1712587937010 237.0 78248
1712587938338 239.0 78696
1712587939745 240.0 79320
1712587940479 241.0 79504
1712587948138 248.0 80560
1712587948902 249.0 80800
1712587949653 250.0 81016
1712587951670 252.0 81792
1712587954372 255.0 82784
1712587955777 256.0 83344
1712587956585 257.0 83616
1712587957958 258.0 84160
1712587958691 259.0 84352
1712587960081 260.0 84960
1712587962065 262.0 85728
1712587963424 264.0 86216
1712587964143 264.0 86352
1712587967362 268.0 87672
1712587967502 268.0 87768
1712587970658 271.0 88952
1712587971408 272.0 89216
1712587972752 273.0 89688
1712587972893 273.0 89776
1712587973596 274.0 90080
1712587974299 275.0 90136
1712587974424 275.0 90160
1712587975736 276.0 90680
1712587975893 276.0 90816
1712587976596 277.0 91064
1712587982971 283.0 93520
1712587984408 285.0 94128
1712587985798 286.0 94592
1712587986579 287.0 94952
1712587987329 288.0 95032
1712587988111 288.0 95240
1712587988267 288.0 95344
1712587989016 289.0 95712
1712587989734 290.0 95880
1712587990516 291.0 96216
1712587991265 291.0 96408
1712587991390 292.0 96440
1712587992062 292.0 96600
1712587992218 292.0 96664
1712587994156 294.0 97520
1712587994874 295.0 97584
1712587995015 295.0 97680
1712587995109 295.0 97728
1712587996421 297.0 98160
1712587996577 297.0 98280
1712587997233 297.0 98336
1712587997983 298.0 98576
1712587998139 298.0 98712
1712587998827 299.0 98912
1712588000233 300.0 99424
1712588000998 301.0 99760
1712588001123 301.0 99840
1712588001795 302.0 99880
1712588001936 302.0 99960
1712588002014 302.0 99984
