1712587721075 7992.0 7992
1712587721208 7992.0 7992
1712587721286 7992.0 7992
1712587721365 7992.0 7992
1712587721443 7992.0 7992
1712587721521 7992.0 7992
1712587721583 7992.0 7992
1712587721661 7992.0 7992
1712587735316 13328.0 13328
1712587737663 14272.0 14272
1712587738528 14464.0 14464
1712587742257 15872.0 15872
1712587743006 15984.0 15984
1712587743131 15984.0 15984
1712587743209 15984.0 15984
1712587743287 15984.0 15984
1712587745980 17000.0 17000
1712587746834 17392.0 17392
1712587760832 20000.0 20000
1712587760988 20104.0 20104
1712587761762 20288.0 20288
1712587761891 20288.0 20288
1712587763406 20984.0 20984
1712587764733 21280.0 21280
1712587765528 21648.0 21648
1712587766859 22104.0 22104
1712587767790 22456.0 22456
1712587767951 22456.0 22456
1712587768697 22768.0 22768
1712587772264 23864.0 23864
1712587772422 23960.0 23960
1712587772504 23976.0 23976
1712587773279 24144.0 24144
1712587774242 24352.0 24352
1712587775852 24640.0 24640
1712587776743 24896.0 24896
1712587776900 24928.0 24928
1712587778663 25528.0 25528
1712587780798 26168.0 26168
1712587780924 26192.0 26192
1712587781018 26304.0 26304
1712587782424 26712.0 26712
1712587783917 27232.0 27232
1712587784034 27232.0 27232
1712587785502 27800.0 27800
1712587786328 27984.0 27984
1712587787831 28584.0 28584
1712587787973 28648.0 28648
1712587789921 29296.0 29296
1712587790676 29568.0 29568
1712587792067 30072.0 30072
1712587792223 30176.0 30176
1712587792894 30216.0 30216
1712587793661 30560.0 30560
1712587794395 30736.0 30736
1712587795131 31008.0 31008
1712587796565 31600.0 31600
1712587797944 32200.0 32200
1712587798069 32208.0 32208
1712587800038 32880.0 32880
1712587800849 33240.0 33240
1712587800976 33264.0 33264
1712587803507 34096.0 34096
1712587804273 34408.0 34408
1712587804414 34480.0 34480
1712587808274 35912.0 35912
1712587808431 35976.0 35976
1712587809728 36384.0 36384
1712587809883 36528.0 36528
1712587811197 37032.0 37032
1712587812012 37152.0 37152
1712587814042 38120.0 38120
1712587814792 38280.0 38280
1712587816151 38776.0 38776
1712587816308 38872.0 38872
1712587817621 39176.0 39176
1712587818403 39480.0 39480
1712587818544 39600.0 39600
1712587818622 39624.0 39624
1712587825388 40000.0 40000
1712587826145 40368.0 40368
1712587826279 40416.0 40416
1712587826952 40528.0 40528
1712587827092 40568.0 40568
1712587827796 40816.0 40816
1712587828561 41032.0 41032
1712587831218 42152.0 42152
1712587831968 42304.0 42304
1712587832124 42448.0 42448
1712587833437 42888.0 42888
1712587835533 43392.0 43392
1712587836339 43632.0 43632
1712587837142 43936.0 43936
1712587837267 44008.0 44008
1712587837954 44152.0 44152
1712587839346 44800.0 44800
1712587840703 45192.0 45192
1712587842079 45672.0 45672
1712587842813 45920.0 45920
1712587843580 46256.0 46256
1712587845595 47104.0 47104
1712587846324 47192.0 47192
1712587847080 47368.0 47368
1712587848472 47904.0 47904
1712587848612 48016.0 48016
1712587849300 48240.0 48240
1712587850660 48664.0 48664
1712587850785 48704.0 48704
1712587850877 48784.0 48784
1712587851597 49048.0 49048
1712587853004 49496.0 49496
1712587853769 49776.0 49776
1712587853912 49816.0 49816
1712587855224 50328.0 50328
1712587855928 50440.0 50440
1712587857349 51200.0 51200
1712587858084 51360.0 51360
1712587858209 51408.0 51408
1712587859553 51888.0 51888
1712587861022 52408.0 52408
1712587861771 52632.0 52632
1712587863756 53352.0 53352
1712587863880 53360.0 53360
1712587863976 53384.0 53384
1712587864647 53528.0 53528
1712587867961 54872.0 54872
1712587868117 55000.0 55000
1712587868195 55000.0 55000
1712587870087 55608.0 55608
1712587870227 55672.0 55672
1712587870305 55744.0 55744
1712587871040 56032.0 56032
1712587873041 56816.0 56816
1712587873791 57040.0 57040
1712587875151 57392.0 57392
1712587875307 57512.0 57512
1712587877292 58144.0 58144
1712587877464 58288.0 58288
1712587878791 58768.0 58768
1712587879573 59096.0 59096
1712587880293 59144.0 59144
1712587887358 60000.0 60000
1712587888092 60216.0 60216
1712587888248 60408.0 60408
1712587888936 60504.0 60504
1712587889092 60624.0 60624
1712587890420 61024.0 61024
1712587891796 61472.0 61472
1712587891937 61536.0 61536
1712587892639 61712.0 61712
1712587892780 61824.0 61824
1712587894093 62288.0 62288
1712587894855 62696.0 62696
1712587896227 63016.0 63016
1712587897031 63376.0 63376
1712587897172 63432.0 63432
1712587899735 64352.0 64352
1712587899873 64432.0 64432
1712587900579 64616.0 64616
1712587900704 64656.0 64656
1712587901408 64808.0 64808
1712587905266 66528.0 66528
1712587906034 66736.0 66736
1712587906761 66912.0 66912
1712587906908 66952.0 66952
1712587907596 67208.0 67208
1712587907736 67312.0 67312
1712587908392 67368.0 67368
1712587909752 67912.0 67912
1712587911128 68424.0 68424
1712587913128 69128.0 69128
1712587914504 69744.0 69744
1712587915269 70136.0 70136
1712587915996 70232.0 70232
1712587916140 70352.0 70352
1712587916218 70368.0 70368
1712587920677 72160.0 72160
1712587921396 72240.0 72240
1712587922162 72544.0 72544
1712587924178 73312.0 73312
1712587928742 75112.0 75112
1712587928864 75120.0 75120
1712587928977 75256.0 75256
1712587929633 75296.0 75296
1712587933494 76872.0 76872
1712587935525 77736.0 77736
1712587936899 78224.0 78224
1712587937026 78248.0 78248
1712587938353 78696.0 78696
1712587939760 79320.0 79320
1712587940495 79504.0 79504
1712587946756 80000.0 80000
1712587948153 80560.0 80560
1712587948902 80800.0 80800
1712587949653 81016.0 81016
1712587951685 81792.0 81792
1712587954372 82784.0 82784
1712587955792 83344.0 83344
1712587956585 83616.0 83616
1712587957958 84160.0 84160
1712587958706 84352.0 84352
1712587960097 84960.0 84960
1712587962081 85728.0 85728
1712587963440 86216.0 86216
1712587964159 86352.0 86352
1712587967362 87672.0 87672
1712587967502 87768.0 87768
1712587970674 88952.0 88952
1712587971408 89216.0 89216
1712587972768 89688.0 89688
1712587972908 89776.0 89776
1712587973596 90080.0 90080
1712587974315 90136.0 90136
1712587974440 90160.0 90160
1712587975752 90680.0 90680
1712587975893 90816.0 90816
1712587976611 91064.0 91064
1712587982986 93520.0 93520
1712587984424 94128.0 94128
1712587985798 94592.0 94592
1712587986579 94952.0 94952
1712587987329 95032.0 95032
1712587988111 95240.0 95240
1712587988282 95344.0 95344
1712587989016 95712.0 95712
1712587989750 95880.0 95880
1712587990531 96216.0 96216
1712587991265 96408.0 96408
1712587991406 96440.0 96440
1712587992078 96600.0 96600
1712587992218 96664.0 96664
1712587994171 97520.0 97520
1712587994874 97584.0 97584
1712587995030 97680.0 97680
1712587995124 97728.0 97728
1712587996436 98160.0 98160
1712587996593 98280.0 98280
1712587997249 98336.0 98336
1712587997983 98576.0 98576
1712587998139 98712.0 98712
1712587998842 98912.0 98912
1712588000233 99424.0 99424
1712588000998 99760.0 99760
1712588001139 99840.0 99840
1712588001811 99880.0 99880
1712588001936 99960.0 99960
1712588002014 99984.0 99984
1712588003826 100000.0 100000
