1712703606829 1.0 7992
1712703606959 2.0 7992
1712703607034 3.0 7992
1712703607116 4.0 7992
1712703607193 5.0 7992
1712703607268 6.0 7992
1712703607341 7.0 7992
1712703607415 8.0 7992
1712703621826 9.0 13328
1712703624103 10.0 14272
1712703624908 11.0 14464
1712703628602 12.0 15872
1712703629412 13.0 15984
1712703629540 14.0 15984
1712703629613 15.0 15984
1712703629690 16.0 15984
1712703632525 17.0 17000
1712703633382 18.0 17392
1712703641270 19.0 20104
1712703642108 20.0 20288
1712703642231 21.0 20288
1712703643699 22.0 20984
1712703645054 23.0 21280
1712703645818 24.0 21648
1712703647168 25.0 22104
1712703647940 26.0 22456
1712703648069 27.0 22456
1712703648766 28.0 22768
1712703651905 29.0 23864
1712703652051 30.0 23960
1712703652127 31.0 23976
1712703652796 32.0 24144
1712703653547 33.0 24352
1712703654226 34.0 24640
1712703654953 35.0 24896
1712703655086 36.0 24928
1712703656457 37.0 25528
1712703658459 38.0 26168
1712703658596 39.0 26192
1712703658687 40.0 26304
1712703660170 41.0 26712
1712703661742 42.0 27232
1712703661868 43.0 27232
1712703663355 44.0 27800
1712703664299 45.0 27984
1712703665688 46.0 28584
1712703665821 47.0 28648
1712703667638 48.0 29296
1712703668482 49.0 29568
1712703669994 50.0 30072
1712703670145 51.0 30176
1712703670998 52.0 30216
1712703672049 53.0 30560
1712703672845 54.0 30736
1712703673701 55.0 31008
1712703675260 56.0 31600
1712703676796 57.0 32200
1712703676921 58.0 32208
1712703679087 59.0 32880
1712703679941 60.0 33240
1712703680075 61.0 33264
1712703682921 62.0 34096
1712703683664 63.0 34408
1712703683801 64.0 34480
1712703687546 65.0 35912
1712703687685 66.0 35976
1712703688762 67.0 36384
1712703688911 68.0 36528
1712703690013 69.0 37032
1712703690732 70.0 37152
1712703692731 71.0 38120
1712703693450 72.0 38280
1712703694813 73.0 38776
1712703694953 74.0 38872
1712703696233 75.0 39176
1712703696968 76.0 39480
1712703697123 77.0 39600
1712703697202 78.0 39624
1712703699138 79.0 40368
1712703699275 80.0 40416
1712703700012 81.0 40528
1712703700142 82.0 40568
1712703700934 83.0 40816
1712703701761 84.0 41032
1712703704767 85.0 42152
1712703705571 86.0 42304
1712703705736 87.0 42448
1712703707225 88.0 42888
1712703708782 89.0 43392
1712703709630 90.0 43632
1712703710460 91.0 43936
1712703710604 92.0 44008
1712703711381 93.0 44152
1712703712948 94.0 44800
1712703714470 95.0 45192
1712703716011 96.0 45672
1712703716844 97.0 45920
1712703717689 98.0 46256
1712703719965 99.0 47104
1712703720775 100.0 47192
1712703721572 101.0 47368
1712703723095 102.0 47904
1712703723252 103.0 48016
1712703724036 104.0 48240
1712703725511 105.0 48664
1712703725646 106.0 48704
1712703725743 107.0 48784
1712703726456 108.0 49048
1712703727664 109.0 49496
1712703728424 110.0 49776
1712703728557 111.0 49816
1712703735569 112.0 50328
1712703736925 113.0 50440
1712703738353 114.0 51200
1712703739115 115.0 51360
1712703739251 116.0 51408
1712703740585 117.0 51888
1712703741962 118.0 52408
1712703742701 119.0 52632
1712703744684 120.0 53352
1712703744813 121.0 53360
1712703744892 122.0 53384
1712703745558 123.0 53528
1712703748788 124.0 54872
1712703748939 125.0 55000
1712703749014 126.0 55000
1712703750889 127.0 55608
1712703751028 128.0 55672
1712703751113 129.0 55744
1712703751820 130.0 56032
1712703753815 131.0 56816
1712703754553 132.0 57040
1712703755890 133.0 57392
1712703756518 134.0 57512
1712703758413 135.0 58144
1712703758575 136.0 58288
1712703759691 137.0 58768
1712703760350 138.0 59096
1712703760952 139.0 59144
1712703763125 140.0 60216
1712703763279 141.0 60408
1712703763945 142.0 60504
1712703764089 143.0 60624
1712703765364 144.0 61024
1712703766716 145.0 61472
1712703766851 146.0 61536
1712703767529 147.0 61712
1712703767670 148.0 61824
1712703768992 149.0 62288
1712703769779 150.0 62696
1712703770884 151.0 63016
1712703771536 152.0 63376
1712703771667 153.0 63432
1712703774162 154.0 64352
1712703774306 155.0 64432
1712703774994 156.0 64616
1712703775125 157.0 64656
1712703775808 158.0 64808
1712703779666 159.0 66528
1712703780399 160.0 66736
1712703781111 161.0 66912
1712703781245 162.0 66952
1712703781927 163.0 67208
1712703782068 164.0 67312
1712703782726 165.0 67368
1712703784066 166.0 67912
1712703785573 167.0 68424
1712703787770 168.0 69128
1712703789161 169.0 69744
1712703789935 170.0 70136
1712703790651 171.0 70232
1712703790798 172.0 70352
1712703790875 173.0 70368
1712703795245 174.0 72160
1712703795968 175.0 72240
1712703796791 176.0 72544
1712703798968 177.0 73312
1712703804091 178.0 75112
1712703804218 179.0 75120
1712703804330 180.0 75256
1712703805062 181.0 75296
1712703809493 182.0 76872
1712703811758 183.0 77736
1712703813160 184.0 78224
1712703813287 185.0 78248
1712703814573 186.0 78696
1712703815948 187.0 79320
1712703816673 188.0 79504
1712703819244 189.0 80560
1712703819980 190.0 80800
1712703820709 191.0 81016
1712703822632 192.0 81792
1712703825166 193.0 82784
1712703826602 194.0 83344
1712703827323 195.0 83616
1712703828675 196.0 84160
1712703829585 197.0 84352
1712703830846 198.0 84960
1712703833113 199.0 85728
1712703834666 200.0 86216
1712703835481 201.0 86352
1712703839132 202.0 87672
1712703839281 203.0 87768
1712703842852 204.0 88952
1712703843693 205.0 89216
1712703845238 206.0 89688
1712703845379 207.0 89776
1712703846168 208.0 90080
1712703846939 209.0 90136
1712703847070 210.0 90160
1712703848531 211.0 90680
1712703848690 212.0 90816
1712703849422 213.0 91064
1712703856296 214.0 93520
1712703857835 215.0 94128
1712703859347 216.0 94592
1712703860186 217.0 94952
1712703861498 218.0 95032
1712703862249 219.0 95240
1712703862394 220.0 95344
1712703863123 221.0 95712
1712703863854 222.0 95880
1712703864632 223.0 96216
1712703865367 224.0 96408
1712703865511 225.0 96440
1712703866197 226.0 96600
1712703866334 227.0 96664
1712703868281 228.0 97520
1712703868992 229.0 97584
1712703869131 230.0 97680
1712703869215 231.0 97728
1712703870516 232.0 98160
1712703870659 233.0 98280
1712703871208 234.0 98336
1712703871840 235.0 98576
1712703871987 236.0 98712
1712703872604 237.0 98912
1712703873962 238.0 99424
1712703874716 239.0 99760
1712703874862 240.0 99840
1712703875521 241.0 99880
1712703875665 242.0 99960
1712703875746 243.0 99984
1712703878471 244.0 100408
1712703879965 245.0 100920
1712703880137 246.0 101104
1712703880887 247.0 101136
1712703882431 248.0 101712
1712703883279 249.0 102080
1712703884092 250.0 102160
1712703884945 251.0 102504
1712703885799 252.0 102784
1712703886602 253.0 102920
1712703886760 254.0 103056
1712703887504 255.0 103208
1712703888865 256.0 103704
1712703889145 257.0 103808
1712703889910 258.0 104096
1712703891478 259.0 104528
1712703892987 260.0 105032
1712703893139 261.0 105176
1712703893885 262.0 105232
1712703895428 263.0 105736
1712703896960 264.0 106304
1712703897096 265.0 106344
1712703898619 266.0 106912
1712703899981 267.0 107360
1712703900127 268.0 107480
1712703900786 269.0 107608
1712703902162 270.0 108248
1712703902912 271.0 108376
1712703904469 272.0 108880
1712703905292 273.0 109128
1712703905436 274.0 109224
1712703906186 275.0 109384
1712703906321 276.0 109432
1712703906432 277.0 109560
1712703907190 278.0 109752
1712703908676 279.0 110104
1712703910937 280.0 110880
1712703911095 281.0 110992
1712703911178 282.0 111024
1712703911257 283.0 111048
1712703912047 284.0 111240
1712703913595 285.0 111760
1712703915077 286.0 112200
1712703917308 287.0 113000
1712703917435 288.0 113000
1712703921054 289.0 114256
1712703921185 290.0 114272
1712703921281 291.0 114352
1712703922028 292.0 114456
1712703923535 293.0 114952
1712703923675 294.0 115008
1712703923757 295.0 115032
1712703923835 296.0 115040
1712703925334 297.0 115592
1712703925471 298.0 115632
1712703926235 299.0 115800
1712703926376 300.0 115848
1712703927803 301.0 116248
1712703927945 302.0 116296
1712703928639 303.0 116552
1712703929390 304.0 116976
1712703930140 305.0 117088
1712703930301 306.0 117216
1712703931036 307.0 117432
1712703931648 308.0 117576
1712703931788 309.0 117672
1712703931872 310.0 117728
1712703932589 311.0 117840
1712703933369 312.0 118224
1712703933501 313.0 118272
1712703934196 314.0 118392
1712703935538 315.0 118808
1712703936270 316.0 119072
1712703936467 317.0 119224
1712703937154 318.0 119456
1712703937288 319.0 119496
1712703937364 320.0 119512
1712703938636 321.0 119872
1712703938761 322.0 119872
1712703939342 323.0 120128
1712703939991 324.0 120464
1712703940117 325.0 120464
1712703940210 326.0 120568
1712703940787 327.0 120784
1712703941517 328.0 120848
1712703941648 329.0 120880
1712703941753 330.0 121056
1712703942435 331.0 121104
1712703942584 332.0 121192
1712703943404 333.0 121552
1712703943537 334.0 121576
1712703943618 335.0 121592
1712703944380 336.0 121728
1712703945176 337.0 121912
1712703946029 338.0 122192
1712703946169 339.0 122288
1712703946917 340.0 122392
1712703947045 341.0 122400
1712703947126 342.0 122416
1712703947908 343.0 122632
1712703948036 344.0 122640
1712703948984 345.0 122952
1712703949107 346.0 122952
1712703949188 347.0 122976
1712703949277 348.0 123056
1712703949352 349.0 123064
1712703949433 350.0 123096
1712703950110 351.0 123296
1712703950289 352.0 123392
1712703951078 353.0 123608
1712703951212 354.0 123624
1712703951964 355.0 123704
1712703952093 356.0 123704
1712703952176 357.0 123744
1712703952969 358.0 124024
1712703953104 359.0 124048
1712703953881 360.0 124272
1712703954011 361.0 124280
1712703954104 362.0 124344
1712703954182 363.0 124344
1712703954945 364.0 124464
1712703955804 365.0 124768
1712703955949 366.0 124848
1712703956035 367.0 124880
1712703956123 368.0 124920
1712703956845 369.0 124992
1712703957003 370.0 125112
1712703957091 371.0 125176
1712703958535 372.0 125496
1712703958663 373.0 125504
1712703958763 374.0 125552
1712703958847 375.0 125608
1712703958928 376.0 125632
1712703959612 377.0 125712
1712703959744 378.0 125728
1712703959840 379.0 125840
1712703960620 380.0 126104
1712703960754 381.0 126128
1712703960831 382.0 126136
1712703961596 383.0 126224
1712703961729 384.0 126248
1712703961831 385.0 126352
1712703961916 386.0 126376
1712703962669 387.0 126496
1712703962848 388.0 126696
1712703963581 389.0 126752
1712703963717 390.0 126792
1712703963820 391.0 126896
1712703963917 392.0 126944
1712703964668 393.0 126992
1712703964802 394.0 127024
1712703964893 395.0 127080
1712703965675 396.0 127312
1712703965823 397.0 127464
1712703965902 398.0 127472
1712703966653 399.0 127496
1712703966798 400.0 127600
1712703966884 401.0 127640
1712703966967 402.0 127688
1712703967039 403.0 127696
1712703967747 404.0 127936
1712703968451 405.0 128048
1712703968591 406.0 128088
1712703968668 407.0 128104
1712703968757 408.0 128184
1712703969396 409.0 128272
1712703969525 410.0 128288
1712703969605 411.0 128312
1712703969718 412.0 128504
1712703970397 413.0 128680
1712703970531 414.0 128744
1712703970610 415.0 128752
1712703971165 416.0 128824
1712703971297 417.0 128864
1712703971383 418.0 128896
1712703971462 419.0 128912
1712703972142 420.0 129112
1712703972292 421.0 129272
1712703972936 422.0 129328
1712703973065 423.0 129336
1712703973152 424.0 129392
1712703973236 425.0 129432
1712703973321 426.0 129488
1712703973401 427.0 129512
1712703974074 428.0 129704
1712703974812 429.0 129872
1712703974964 430.0 129984
1712703975040 431.0 129984
1712703975115 432.0 129992
1712703975779 433.0 130056
1712703975911 434.0 130088
1712703975986 435.0 130096
1712703976089 436.0 130264
1712703976772 437.0 130432
1712703976921 438.0 130552
1712703977572 439.0 130576
1712703977702 440.0 130592
1712703977787 441.0 130640
1712703977870 442.0 130688
1712703977945 443.0 130704
1712703978618 444.0 130848
1712703978769 445.0 131000
1712703979439 446.0 131120
1712703979569 447.0 131136
1712703979648 448.0 131152
1712703979737 449.0 131208
1712703979817 450.0 131248
1712703979902 451.0 131280
1712703980568 452.0 131432
1712703981499 453.0 131584
1712703982177 454.0 131688
1712703982310 455.0 131728
1712703982384 456.0 131728
1712703982473 457.0 131768
1712703982556 458.0 131832
1712703983209 459.0 131848
1712703983361 460.0 132008
1712703984032 461.0 132144
1712703984173 462.0 132248
1712703984259 463.0 132288
1712703984339 464.0 132304
1712703984422 465.0 132336
1712703985079 466.0 132400
1712703985210 467.0 132424
1712703985323 468.0 132576
1712703985981 469.0 132704
1712703986120 470.0 132800
1712703986199 471.0 132832
1712703986285 472.0 132864
1712703986831 473.0 132888
1712703986967 474.0 132968
1712703987046 475.0 132984
1712703987610 476.0 133128
1712703987760 477.0 133288
1712703987849 478.0 133376
1712703988397 479.0 133400
1712703988526 480.0 133408
1712703988608 481.0 133432
1712703988696 482.0 133504
1712703988777 483.0 133528
1712703989471 484.0 133688
1712703989618 485.0 133840
1712703990297 486.0 133944
1712703990426 487.0 133952
1712703990513 488.0 133976
1712703990618 489.0 134064
1712703990711 490.0 134112
1712703991448 491.0 134152
1712703991594 492.0 134224
1712703991711 493.0 134384
1712703992473 494.0 134520
1712703992601 495.0 134528
1712703992696 496.0 134600
1712703992784 497.0 134640
1712703993515 498.0 134712
1712703993650 499.0 134768
1712703994421 500.0 134928
1712703994555 501.0 134960
1712703994658 502.0 135072
1712703994757 503.0 135160
1712703995502 504.0 135200
1712703995642 505.0 135296
1712703995729 506.0 135328
1712703996486 507.0 135464
1712703996632 508.0 135520
1712703996720 509.0 135616
1712703997471 510.0 135728
1712703997624 511.0 135816
1712703997716 512.0 135872
1712703997792 513.0 135880
1712703998546 514.0 136008
1712703998709 515.0 136152
1712703999459 516.0 136216
1712703999597 517.0 136264
1712703999681 518.0 136288
1712703999786 519.0 136416
1712704000528 520.0 136464
1712704000676 521.0 136536
1712704000771 522.0 136608
1712704002230 523.0 136968
1712704002370 524.0 137016
1712704003157 525.0 137224
1712704003292 526.0 137264
1712704003375 527.0 137312
1712704003464 528.0 137368
1712704003565 529.0 137472
1712704004307 530.0 137536
1712704004480 531.0 137720
1712704005229 532.0 137776
1712704005373 533.0 137848
1712704005475 534.0 137944
1712704006240 535.0 138056
1712704007080 536.0 138264
1712704007242 537.0 138400
1712704007333 538.0 138448
1712704007414 539.0 138480
1712704007493 540.0 138488
1712704008241 541.0 138576
1712704008386 542.0 138688
1712704009051 543.0 138800
1712704009798 544.0 139016
1712704009927 545.0 139024
1712704010010 546.0 139072
1712704010110 547.0 139224
1712704010185 548.0 139232
1712704010931 549.0 139336
1712704011100 550.0 139496
1712704011858 551.0 139544
1712704011997 552.0 139568
1712704012078 553.0 139568
1712704012169 554.0 139616
1712704012947 555.0 139800
1712704013077 556.0 139824
1712704013161 557.0 139872
1712704013273 558.0 140032
1712704014012 559.0 140080
1712704014146 560.0 140112
1712704014226 561.0 140128
1712704014428 562.0 140240
1712704014994 563.0 140360
1712704015117 564.0 140360
1712704015201 565.0 140432
1712704015778 566.0 140648
1712704015905 567.0 140672
1712704015998 568.0 140776
1712704016550 569.0 140808
1712704016688 570.0 140896
1712704016789 571.0 141048
1712704017436 572.0 141080
1712704017588 573.0 141184
1712704017670 574.0 141216
1712704018342 575.0 141336
1712704018471 576.0 141352
1712704018551 577.0 141400
1712704018648 578.0 141520
1712704019242 579.0 141600
1712704019380 580.0 141664
1712704019468 581.0 141744
1712704019546 582.0 141760
1712704020231 583.0 141880
1712704020356 584.0 141888
1712704020450 585.0 141976
1712704021132 586.0 142136
1712704021268 587.0 142200
1712704021356 588.0 142288
1712704021437 589.0 142312
1712704022111 590.0 142440
1712704022251 591.0 142496
1712704022330 592.0 142504
1712704022408 593.0 142520
1712704023105 594.0 142704
1712704023240 595.0 142760
1712704023325 596.0 142824
1712704024010 597.0 142976
1712704024151 598.0 143040
1712704024231 599.0 143056
1712704024312 600.0 143096
1712704024875 601.0 143248
1712704025012 602.0 143328
1712704025571 603.0 143384
1712704025697 604.0 143384
1712704025797 605.0 143544
1712704025885 606.0 143592
1712704025965 607.0 143616
1712704026648 608.0 143632
1712704026816 609.0 143792
1712704026909 610.0 143864
1712704027647 611.0 143920
1712704027778 612.0 143928
1712704027900 613.0 144096
1712704028612 614.0 144136
1712704028747 615.0 144176
1712704028821 616.0 144176
1712704028939 617.0 144328
1712704029629 618.0 144400
1712704029784 619.0 144504
1712704029862 620.0 144512
1712704029970 621.0 144640
1712704030717 622.0 144704
1712704030846 623.0 144712
1712704030951 624.0 144824
1712704031037 625.0 144872
1712704031769 626.0 144936
1712704031926 627.0 145048
1712704032011 628.0 145088
1712704032774 629.0 145192
1712704032914 630.0 145264
1712704032998 631.0 145296
1712704033772 632.0 145432
1712704033898 633.0 145440
1712704033985 634.0 145496
1712704034089 635.0 145608
1712704034169 636.0 145624
1712704034944 637.0 145752
1712704035105 638.0 145888
1712704035189 639.0 145912
1712704035938 640.0 145984
1712704036068 641.0 145992
1712704036159 642.0 146048
1712704036262 643.0 146152
1712704036983 644.0 146200
1712704037146 645.0 146344
1712704037818 646.0 146448
1712704037963 647.0 146584
1712704038042 648.0 146592
1712704038124 649.0 146632
1712704038806 650.0 146736
1712704038942 651.0 146784
1712704039630 652.0 147000
1712704039766 653.0 147072
1712704039845 654.0 147104
1712704039926 655.0 147136
1712704040011 656.0 147192
1712704040087 657.0 147192
1712704040761 658.0 147336
1712704041420 659.0 147384
1712704042170 660.0 147608
1712704042309 661.0 147632
1712704042395 662.0 147648
1712704043161 663.0 147760
1712704043322 664.0 147888
1712704043404 665.0 147920
1712704043482 666.0 147928
1712704044211 667.0 148008
1712704044384 668.0 148192
1712704044461 669.0 148208
1712704045187 670.0 148240
1712704045352 671.0 148440
1712704045436 672.0 148472
1712704046167 673.0 148496
1712704046295 674.0 148504
1712704046401 675.0 148616
1712704047159 676.0 148808
1712704047287 677.0 148816
1712704047379 678.0 148872
1712704048139 679.0 149008
1712704048277 680.0 149072
1712704048365 681.0 149112
1712704048453 682.0 149152
1712704048543 683.0 149192
1712704049318 684.0 149472
1712704049449 685.0 149504
1712704050124 686.0 149584
1712704050272 687.0 149664
1712704050368 688.0 149728
1712704050449 689.0 149752
1712704051104 690.0 149776
1712704052310 691.0 150048
1712704052470 692.0 150096
1712704052561 693.0 150152
1712704052650 694.0 150168
1712704053361 695.0 150296
1712704053498 696.0 150344
1712704053573 697.0 150344
1712704053655 698.0 150392
1712704054347 699.0 150608
1712704054495 700.0 150720
1712704055131 701.0 150816
1712704055267 702.0 150888
1712704055349 703.0 150928
1712704055431 704.0 150968
1712704055506 705.0 150976
1712704056098 706.0 151240
1712704056703 707.0 151328
1712704056838 708.0 151400
1712704056925 709.0 151464
1712704057009 710.0 151520
1712704057666 711.0 151576
1712704057798 712.0 151616
1712704057877 713.0 151624
1712704058658 714.0 151856
1712704058793 715.0 151912
1712704059477 716.0 152168
1712704059605 717.0 152176
1712704059684 718.0 152200
1712704059764 719.0 152224
1712704059848 720.0 152264
1712704059924 721.0 152272
1712704060500 722.0 152480
1712704060634 723.0 152560
1712704061215 724.0 152768
1712704061349 725.0 152792
1712704061426 726.0 152800
1712704061506 727.0 152832
1712704062173 728.0 152872
1712704062349 729.0 153040
1712704063086 730.0 153104
1712704063230 731.0 153176
1712704064021 732.0 153432
1712704064152 733.0 153456
1712704064229 734.0 153456
1712704064305 735.0 153464
1712704064385 736.0 153504
1712704064982 737.0 153800
1712704065605 738.0 153944
1712704065738 739.0 154000
1712704065822 740.0 154048
1712704065910 741.0 154104
1712704066577 742.0 154128
1712704066704 743.0 154128
1712704066784 744.0 154176
1712704067471 745.0 154400
1712704067626 746.0 154608
1712704068221 747.0 154680
1712704068356 748.0 154712
1712704068462 749.0 154816
1712704068543 750.0 154840
1712704068622 751.0 154856
1712704069293 752.0 155008
1712704070025 753.0 155272
1712704070173 754.0 155352
1712704070254 755.0 155360
1712704070972 756.0 155400
1712704071134 757.0 155536
1712704071211 758.0 155536
1712704071295 759.0 155568
1712704071389 760.0 155632
1712704073108 761.0 156016
1712704073257 762.0 156016
1712704073344 763.0 156024
1712704073436 764.0 156056
1712704074133 765.0 156184
1712704074265 766.0 156208
1712704074340 767.0 156216
1712704074427 768.0 156296
1712704075136 769.0 156664
1712704075857 770.0 156688
1712704075979 771.0 156688
1712704076066 772.0 156728
1712704076149 773.0 156792
1712704076231 774.0 156832
1712704076314 775.0 156880
1712704076397 776.0 156904
1712704077860 777.0 157304
1712704078004 778.0 157360
1712704078743 779.0 157456
1712704078875 780.0 157480
1712704078954 781.0 157488
1712704079032 782.0 157496
1712704079107 783.0 157496
1712704079190 784.0 157544
1712704080664 785.0 157960
1712704080799 786.0 157992
1712704080907 787.0 158120
1712704080982 788.0 158120
1712704081060 789.0 158128
1712704081131 790.0 158128
1712704081219 791.0 158176
1712704081298 792.0 158176
1712704082760 793.0 158704
1712704083544 794.0 158728
1712704083680 795.0 158768
1712704083767 796.0 158808
1712704083847 797.0 158840
1712704083923 798.0 158840
1712704084007 799.0 158872
1712704084096 800.0 158928
1712704085560 801.0 159384
1712704085691 802.0 159416
1712704085782 803.0 159480
1712704086509 804.0 159504
1712704086639 805.0 159520
1712704086731 806.0 159600
1712704086815 807.0 159648
1712704086894 808.0 159688
1712704088370 809.0 160064
1712704088509 810.0 160104
1712704088599 811.0 160160
1712704088689 812.0 160176
1712704088773 813.0 160184
1712704089500 814.0 160280
1712704089651 815.0 160368
1712704089730 816.0 160376
1712704090532 817.0 160744
1712704091279 818.0 160784
1712704091420 819.0 160840
1712704091514 820.0 160912
1712704091598 821.0 160944
1712704092367 822.0 161056
1712704092498 823.0 161072
1712704092612 824.0 161224
1712704093425 825.0 161504
1712704094228 826.0 161544
1712704094366 827.0 161584
1712704094456 828.0 161632
1712704094547 829.0 161696
1712704094632 830.0 161760
1712704095376 831.0 161840
1712704095516 832.0 161912
1712704096315 833.0 162200
1712704096452 834.0 162232
1712704096538 835.0 162296
1712704097285 836.0 162320
1712704097439 837.0 162416
1712704097535 838.0 162504
1712704097611 839.0 162512
1712704098365 840.0 162632
1712704099202 841.0 162904
1712704099330 842.0 162920
1712704099428 843.0 163008
1712704100180 844.0 163128
1712704100308 845.0 163144
1712704100398 846.0 163208
1712704100477 847.0 163216
1712704101241 848.0 163368
1712704102055 849.0 163616
1712704102189 850.0 163648
1712704102285 851.0 163720
1712704102386 852.0 163832
1712704103119 853.0 163864
1712704103267 854.0 163936
1712704103347 855.0 163960
1712704103442 856.0 164080
1712704104214 857.0 164312
1712704104343 858.0 164320
1712704105087 859.0 164432
1712704105243 860.0 164544
1712704105325 861.0 164560
1712704106074 862.0 164624
1712704106218 863.0 164744
1712704106297 864.0 164760
1712704107101 865.0 165040
1712704107227 866.0 165048
1712704107989 867.0 165152
1712704108127 868.0 165208
1712704108210 869.0 165240
1712704108315 870.0 165360
1712704108976 871.0 165424
1712704109108 872.0 165448
1712704109889 873.0 165744
1712704110021 874.0 165760
1712704110113 875.0 165824
1712704110860 876.0 165928
1712704110986 877.0 165936
1712704111088 878.0 166048
1712704111186 879.0 166136
1712704111935 880.0 166200
1712704112751 881.0 166424
1712704112880 882.0 166440
1712704112996 883.0 166592
1712704113071 884.0 166608
1712704113813 885.0 166672
1712704113981 886.0 166832
1712704114063 887.0 166864
1712704114140 888.0 166872
1712704114992 889.0 167088
1712704115121 890.0 167096
1712704115899 891.0 167240
1712704116033 892.0 167272
1712704116124 893.0 167328
1712704116878 894.0 167488
1712704117015 895.0 167528
1712704117092 896.0 167536
1712704117855 897.0 167752
1712704117983 898.0 167760
1712704118081 899.0 167904
1712704118809 900.0 167952
1712704118951 901.0 168016
1712704119070 902.0 168184
1712704119150 903.0 168192
1712704119901 904.0 168232
1712704120056 905.0 168440
1712704120723 906.0 168456
1712704120876 907.0 168616
1712704120955 908.0 168632
1712704121044 909.0 168688
1712704121718 910.0 168840
1712704121852 911.0 168888
1712704122521 912.0 168984
1712704122673 913.0 169088
1712704122755 914.0 169128
1712704123410 915.0 169272
1712704123548 916.0 169320
1712704123630 917.0 169360
1712704124282 918.0 169512
1712704124418 919.0 169568
1712704124518 920.0 169664
1712704125229 921.0 169760
1712704125365 922.0 169792
1712704125466 923.0 169928
1712704126210 924.0 170024
1712704126336 925.0 170032
1712704126435 926.0 170176
1712704126516 927.0 170232
1712704127078 928.0 170336
1712704127215 929.0 170416
1712704127298 930.0 170472
1712704127983 931.0 170608
1712704128120 932.0 170656
1712704128197 933.0 170672
1712704128866 934.0 170848
1712704129001 935.0 170912
1712704129092 936.0 171008
1712704129748 937.0 171088
1712704129880 938.0 171112
1712704129979 939.0 171264
1712704130631 940.0 171344
1712704130758 941.0 171360
1712704130857 942.0 171520
1712704131517 943.0 171600
1712704131656 944.0 171696
1712704131740 945.0 171744
1712704132396 946.0 171800
1712704132546 947.0 171944
1712704133240 948.0 172040
1712704133370 949.0 172040
1712704133489 950.0 172184
1712704133591 951.0 172280
1712704134259 952.0 172368
1712704134391 953.0 172408
1712704134469 954.0 172440
1712704135151 955.0 172640
1712704135287 956.0 172720
1712704135364 957.0 172720
1712704136051 958.0 172848
1712704136192 959.0 172952
1712704136931 960.0 173072
1712704137055 961.0 173072
1712704137136 962.0 173088
1712704137256 963.0 173272
1712704137989 964.0 173360
1712704138116 965.0 173368
1712704138230 966.0 173512
1712704138975 967.0 173616
1712704139119 968.0 173736
1712704139196 969.0 173744
1712704139275 970.0 173752
1712704140041 971.0 173944
1712704140184 972.0 174008
1712704140270 973.0 174048
1712704141025 974.0 174168
1712704141166 975.0 174272
1712704141936 976.0 174400
1712704142062 977.0 174400
1712704142138 978.0 174400
1712704142890 979.0 174608
1712704143022 980.0 174664
1712704143102 981.0 174688
1712704143209 982.0 174808
1712704143968 983.0 174920
1712704144125 984.0 175048
1712704144200 985.0 175048
1712704144938 986.0 175112
1712704145105 987.0 175272
1712704145209 988.0 175328
1712704145286 989.0 175336
1712704145940 990.0 175448
1712704146079 991.0 175552
1712704146743 992.0 175688
1712704146873 993.0 175712
1712704146956 994.0 175776
1712704147634 995.0 175928
1712704147768 996.0 175968
1712704147846 997.0 176000
1712704147934 998.0 176064
1712704148619 999.0 176224
1712704148767 1000.0 176360
1712704148841 1001.0 176384
1712704149479 1002.0 176440
1712704149627 1003.0 176584
1712704149710 1004.0 176624
1712704149786 1005.0 176632
1712704150495 1006.0 176712
1712704151216 1007.0 176888
1712704151925 1008.0 177000
1712704152056 1009.0 177024
1712704152154 1010.0 177112
1712704152903 1011.0 177224
1712704153031 1012.0 177248
1712704153113 1013.0 177272
1712704153214 1014.0 177368
1712704153967 1015.0 177576
1712704154742 1016.0 177672
1712704154874 1017.0 177704
1712704154957 1018.0 177752
1712704155068 1019.0 177896
1712704155145 1020.0 177904
1712704155862 1021.0 177928
1712704156019 1022.0 178048
1712704156816 1023.0 178224
1712704156967 1024.0 178328
1712704157052 1025.0 178360
1712704157798 1026.0 178456
1712704157947 1027.0 178552
1712704158023 1028.0 178560
1712704158099 1029.0 178560
1712704158210 1030.0 178688
1712704158973 1031.0 178880
1712704159775 1032.0 178992
1712704159906 1033.0 179016
1712704160000 1034.0 179088
1712704160105 1035.0 179200
1712704160188 1036.0 179200
1712704160914 1037.0 179232
1712704161064 1038.0 179328
1712704161829 1039.0 179504
1712704161996 1040.0 179648
1712704162077 1041.0 179672
1712704162827 1042.0 179752
1712704162980 1043.0 179840
1712704163054 1044.0 179848
1712704163138 1045.0 179872
1712704163835 1046.0 179984
1712704163996 1047.0 180128
1712704164977 1048.0 180304
1712704165179 1049.0 180312
1712704165313 1050.0 180368
1712704166144 1051.0 180496
1712704166303 1052.0 180528
1712704166412 1053.0 180560
1712704166513 1054.0 180632
1712704167268 1055.0 180784
1712704167460 1056.0 180960
1712704167549 1057.0 180960
1712704168256 1058.0 181016
1712704168431 1059.0 181144
1712704168526 1060.0 181176
1712704168624 1061.0 181184
1712704169356 1062.0 181304
1712704169528 1063.0 181432
1712704170217 1064.0 181616
1712704170359 1065.0 181648
1712704170449 1066.0 181664
1712704171213 1067.0 181808
1712704171366 1068.0 181832
1712704171459 1069.0 181848
1712704172266 1070.0 182040
1712704172428 1071.0 182080
1712704172565 1072.0 182256
1712704172659 1073.0 182264
1712704173579 1074.0 182304
1712704173989 1075.0 182432
1712704174117 1076.0 182512
1712704174793 1077.0 182544
1712704174980 1078.0 182704
1712704175091 1079.0 182704
1712704175895 1080.0 182896
1712704176053 1081.0 182920
1712704176143 1082.0 182952
1712704176878 1083.0 183088
1712704177043 1084.0 183136
1712704177139 1085.0 183192
1712704177955 1086.0 183336
1712704178118 1087.0 183384
1712704178237 1088.0 183528
1712704178934 1089.0 183576
1712704179090 1090.0 183600
1712704179215 1091.0 183736
1712704179941 1092.0 183816
1712704180103 1093.0 183840
1712704180234 1094.0 184000
1712704180333 1095.0 184024
1712704181022 1096.0 184168
1712704181180 1097.0 184224
1712704181267 1098.0 184232
1712704181992 1099.0 184360
1712704182250 1100.0 184512
1712704182340 1101.0 184552
1712704183033 1102.0 184648
1712704183182 1103.0 184680
1712704183901 1104.0 184840
1712704184074 1105.0 184880
1712704184196 1106.0 184896
1712704184311 1107.0 185016
1712704185095 1108.0 185168
1712704185253 1109.0 185224
1712704185354 1110.0 185304
1712704185450 1111.0 185344
1712704186318 1112.0 185488
1712704186466 1113.0 185520
1712704186558 1114.0 185544
1712704187251 1115.0 185656
1712704187424 1116.0 185832
1712704188097 1117.0 185864
1712704188270 1118.0 185976
1712704188367 1119.0 185984
1712704189154 1120.0 186152
1712704189299 1121.0 186168
1712704189397 1122.0 186208
1712704189505 1123.0 186272
1712704190183 1124.0 186464
1712704190322 1125.0 186480
1712704190428 1126.0 186600
1712704190506 1127.0 186600
1712704191145 1128.0 186816
1712704191284 1129.0 186824
1712704191372 1130.0 186856
1712704191997 1131.0 186920
1712704192167 1132.0 187096
1712704192253 1133.0 187120
1712704192945 1134.0 187256
1712704193084 1135.0 187264
1712704193785 1136.0 187488
1712704193937 1137.0 187496
1712704194026 1138.0 187496
1712704194118 1139.0 187568
1712704194777 1140.0 187768
1712704194919 1141.0 187800
1712704195013 1142.0 187896
1712704195667 1143.0 187944
1712704195824 1144.0 188088
1712704195910 1145.0 188128
1712704196549 1146.0 188184
1712704196687 1147.0 188200
1712704196803 1148.0 188416
1712704197456 1149.0 188456
1712704197606 1150.0 188552
1712704197701 1151.0 188600
1712704199470 1152.0 188736
1712704199617 1153.0 188768
1712704199748 1154.0 188816
1712704199837 1155.0 188848
1712704200521 1156.0 189048
1712704200663 1157.0 189112
1712704201294 1158.0 189208
1712704201436 1159.0 189272
1712704201537 1160.0 189392
1712704202149 1161.0 189448
1712704202287 1162.0 189456
1712704202376 1163.0 189488
1712704202864 1164.0 189680
1712704203541 1165.0 189760
1712704203695 1166.0 189880
1712704204376 1167.0 189936
1712704205058 1168.0 190064
1712704205200 1169.0 190104
1712704205513 1170.0 190128
1712704205589 1171.0 190144
1712704206631 1172.0 190336
1712704206765 1173.0 190384
1712704207480 1174.0 190520
1712704207617 1175.0 190568
1712704208362 1176.0 190752
1712704208497 1177.0 190760
1712704208588 1178.0 190792
1712704208667 1179.0 190792
1712704209371 1180.0 190984
1712704209529 1181.0 191096
1712704209620 1182.0 191168
1712704210346 1183.0 191288
1712704210508 1184.0 191400
1712704210702 1185.0 191416
1712704210787 1186.0 191432
1712704210872 1187.0 191456
1712704211528 1188.0 191616
1712704211679 1189.0 191744
1712704212333 1190.0 191816
1712704212482 1191.0 191920
1712704213168 1192.0 192040
1712704213300 1193.0 192048
1712704213380 1194.0 192056
1712704213463 1195.0 192096
1712704213579 1196.0 192240
1712704214296 1197.0 192464
1712704214433 1198.0 192480
1712704215428 1199.0 192712
1712704215558 1200.0 192720
1712704215641 1201.0 192752
1712704216348 1202.0 192864
1712704217107 1203.0 193096
1712704217238 1204.0 193104
1712704217322 1205.0 193120
1712704218035 1206.0 193352
1712704218166 1207.0 193360
1712704218319 1208.0 193392
1712704218397 1209.0 193392
1712704218491 1210.0 193488
1712704219194 1211.0 193696
1712704219329 1212.0 193760
1712704219409 1213.0 193784
1712704219991 1214.0 194000
1712704220126 1215.0 194040
1712704220201 1216.0 194048
1712704220276 1217.0 194048
1712704220847 1218.0 194200
1712704221471 1219.0 194344
1712704221606 1220.0 194408
1712704221701 1221.0 194496
1712704222393 1222.0 194680
1712704222519 1223.0 194688
1712704222600 1224.0 194712
1712704222677 1225.0 194720
1712704223355 1226.0 194864
1712704223501 1227.0 194992
1712704224188 1228.0 195112
1712704224328 1229.0 195120
1712704224444 1230.0 195312
1712704225088 1231.0 195336
1712704225219 1232.0 195344
1712704225299 1233.0 195360
1712704225410 1234.0 195504
1712704226089 1235.0 195664
1712704226251 1236.0 195760
1712704226333 1237.0 195760
1712704227023 1238.0 195952
1712704227153 1239.0 195984
1712704227239 1240.0 196024
1712704227901 1241.0 196120
1712704228057 1242.0 196328
1712704228716 1243.0 196392
1712704228848 1244.0 196416
1712704228942 1245.0 196528
1712704229026 1246.0 196600
1712704229672 1247.0 196640
1712704229806 1248.0 196696
1712704229896 1249.0 196792
1712704230466 1250.0 196960
1712704230604 1251.0 197048
1712704230678 1252.0 197056
1712704231242 1253.0 197176
1712704231383 1254.0 197272
1712704231464 1255.0 197312
1712704231546 1256.0 197352
1712704232100 1257.0 197416
1712704232255 1258.0 197592
1712704232926 1259.0 197680
1712704233058 1260.0 197712
1712704233155 1261.0 197808
1712704233858 1262.0 197928
1712704233985 1263.0 197944
1712704234078 1264.0 198000
1712704234161 1265.0 198056
1712704234743 1266.0 198296
1712704234879 1267.0 198344
1712704234953 1268.0 198360
1712704235515 1269.0 198448
1712704235661 1270.0 198560
1712704235740 1271.0 198592
1712704235819 1272.0 198624
1712704236490 1273.0 198728
1712704237242 1274.0 198968
1712704237369 1275.0 198976
1712704237445 1276.0 198976
1712704237533 1277.0 199064
1712704238216 1278.0 199192
1712704238349 1279.0 199248
1712704238425 1280.0 199248
1712704238517 1281.0 199352
1712704239093 1282.0 199592
1712704239217 1283.0 199600
1712704239296 1284.0 199624
1712704239894 1285.0 199704
1712704240048 1286.0 199832
1712704240135 1287.0 199880
1712704240211 1288.0 199888
1712704241413 1289.0 200080
1712704242151 1290.0 200248
1712704242282 1291.0 200264
1712704242360 1292.0 200272
1712704242443 1293.0 200328
1712704243195 1294.0 200496
1712704243336 1295.0 200544
1712704243435 1296.0 200704
1712704244203 1297.0 200896
1712704244332 1298.0 200904
1712704244408 1299.0 200904
1712704244483 1300.0 200912
1712704245219 1301.0 200968
1712704245368 1302.0 201088
1712704245453 1303.0 201120
1712704246225 1304.0 201288
1712704246386 1305.0 201432
1712704246472 1306.0 201464
1712704247232 1307.0 201520
1712704248101 1308.0 201904
1712704248243 1309.0 201968
1712704249695 1310.0 202400
1712704250499 1311.0 202520
1712704251348 1312.0 202864
1712704261771 1313.0 206824
1712704263718 1314.0 207592
1712704267562 1315.0 209080
1712704267700 1316.0 209112
1712704268262 1317.0 209280
1712704268890 1318.0 209512
1712704271046 1319.0 210512
1712704271693 1320.0 210856
1712704279197 1321.0 213576
1712704282819 1322.0 214816
1712704284809 1323.0 215584
1712704285602 1324.0 215992
1712704287445 1325.0 216504
1712704288795 1326.0 217072
1712704289518 1327.0 217104
1712704290395 1328.0 217504
1712704293311 1329.0 218504
1712704301042 1330.0 221568
1712704306091 1331.0 223576
1712704306849 1332.0 223984
1712704308190 1333.0 224496
1712704310131 1334.0 225064
1712704310261 1335.0 225096
1712704310978 1336.0 225496
1712704313575 1337.0 226496
1712704314952 1338.0 227064
1712704316399 1339.0 227472
1712704321063 1340.0 229376
1712704327567 1341.0 231568
1712704330392 1342.0 232488
1712704330526 1343.0 232544
1712704331839 1344.0 233056
1712704331967 1345.0 233088
1712704332765 1346.0 233232
1712704335410 1347.0 234488
1712704337942 1348.0 235464
1712704342313 1349.0 237112
1712704348063 1350.0 239560
1712704350601 1351.0 240480
1712704350737 1352.0 240536
1712704351826 1353.0 241048
1712704351956 1354.0 241080
1712704352574 1355.0 241224
1712704358258 1356.0 243456
1712704363291 1357.0 245104
1712704367631 1358.0 246664
1712704369920 1359.0 247552
1712704372202 1360.0 248296
1712704372979 1361.0 248336
1712704373111 1362.0 248368
1712704373213 1363.0 248472
1712704373302 1364.0 248528
1712704374016 1365.0 248600
1712704374147 1366.0 248632
1712704374222 1367.0 248632
1712704375517 1368.0 249136
1712704375654 1369.0 249216
1712704375732 1370.0 249232
1712704375823 1371.0 249336
1712704376422 1372.0 249424
1712704376565 1373.0 249504
1712704376639 1374.0 249528
1712704376714 1375.0 249544
1712704378732 1376.0 250040
