1712703606840 452.0 7992
1712703606969 448.0 7992
1712703607043 447.0 7992
1712703607129 445.0 7992
1712703607203 443.0 7992
1712703607277 441.0 7992
1712703607350 439.0 7992
1712703607425 437.0 7992
1712703621836 408.0 13328
1712703624113 408.0 14272
1712703624919 404.0 14464
1712703628614 402.0 15872
1712703629422 397.0 15984
1712703629550 395.0 15984
1712703629625 395.0 15984
1712703629700 394.0 15984
1712703632535 391.0 17000
1712703633392 393.0 17392
1712703641280 385.0 20104
1712703642118 383.0 20288
1712703642241 382.0 20288
1712703643709 384.0 20984
1712703645065 380.0 21280
1712703645828 382.0 21648
1712703647178 381.0 22104
1712703647953 382.0 22456
1712703648080 381.0 22456
1712703648776 381.0 22768
1712703651917 380.0 23864
1712703652061 380.0 23960
1712703652139 380.0 23976
1712703652807 379.0 24144
1712703653560 378.0 24352
1712703654235 378.0 24640
1712703654962 378.0 24896
1712703655096 378.0 24928
1712703656467 379.0 25528
1712703658472 377.0 26168
1712703658606 377.0 26192
1712703658697 378.0 26304
1712703660180 376.0 26712
1712703661752 375.0 27232
1712703661879 374.0 27232
1712703663366 374.0 27800
1712703664310 372.0 27984
1712703665697 373.0 28584
1712703665831 373.0 28648
1712703667648 373.0 29296
1712703668495 372.0 29568
1712703670007 372.0 30072
1712703670155 372.0 30176
1712703671008 369.0 30216
1712703672058 369.0 30560
1712703672855 367.0 30736
1712703673714 366.0 31008
1712703675270 366.0 31600
1712703676806 367.0 32200
1712703676930 366.0 32208
1712703679097 365.0 32880
1712703679951 366.0 33240
1712703680084 365.0 33264
1712703682930 363.0 34096
1712703683674 364.0 34408
1712703683810 364.0 34480
1712703687556 364.0 35912
1712703687696 365.0 35976
1712703688772 365.0 36384
1712703688921 366.0 36528
1712703690023 367.0 37032
1712703690743 365.0 37152
1712703692740 368.0 38120
1712703693461 367.0 38280
1712703694824 366.0 38776
1712703694963 367.0 38872
1712703696243 365.0 39176
1712703696979 366.0 39480
1712703697132 366.0 39600
1712703697212 366.0 39624
1712703699148 367.0 40368
1712703699284 367.0 40416
1712703700022 365.0 40528
1712703700152 365.0 40568
1712703700944 365.0 40816
1712703701771 364.0 41032
1712703704777 364.0 42152
1712703705580 363.0 42304
1712703705747 364.0 42448
1712703707234 363.0 42888
1712703708795 362.0 43392
1712703709640 362.0 43632
1712703710470 362.0 43936
1712703710614 362.0 44008
1712703711391 361.0 44152
1712703712959 361.0 44800
1712703714481 360.0 45192
1712703716021 360.0 45672
1712703716854 359.0 45920
1712703717700 359.0 46256
1712703719975 360.0 47104
1712703720785 358.0 47192
1712703721585 357.0 47368
1712703723109 357.0 47904
1712703723262 358.0 48016
1712703724045 357.0 48240
1712703725521 356.0 48664
1712703725656 356.0 48704
1712703725753 357.0 48784
1712703726466 357.0 49048
1712703727676 357.0 49496
1712703728435 357.0 49776
1712703728567 357.0 49816
1712703735579 343.0 50328
1712703736935 341.0 50440
1712703738363 343.0 51200
1712703739124 342.0 51360
1712703739261 342.0 51408
1712703740595 342.0 51888
1712703741972 342.0 52408
1712703742711 342.0 52632
1712703744696 343.0 53352
1712703744823 342.0 53360
1712703744902 342.0 53384
1712703745568 342.0 53528
1712703748797 343.0 54872
1712703748949 344.0 55000
1712703749024 344.0 55000
1712703750899 343.0 55608
1712703751037 343.0 55672
1712703751123 344.0 55744
1712703751829 344.0 56032
1712703753825 345.0 56816
1712703754564 344.0 57040
1712703756384 344.0 57392
1712703756527 343.0 57512
1712703758424 343.0 58144
1712703758585 344.0 58288
1712703759704 344.0 58768
1712703760364 345.0 59096
1712703760963 344.0 59144
1712703763135 346.0 60216
1712703763289 346.0 60408
1712703763955 346.0 60504
1712703764101 346.0 60624
1712703765374 346.0 61024
1712703766726 346.0 61472
1712703766860 346.0 61536
1712703767539 345.0 61712
1712703767680 346.0 61824
1712703769003 346.0 62288
1712703769793 347.0 62696
1712703770896 346.0 63016
1712703771547 347.0 63376
1712703771677 347.0 63432
1712703774172 347.0 64352
1712703774317 347.0 64432
1712703775003 347.0 64616
1712703775139 347.0 64656
1712703775818 347.0 64808
1712703779677 349.0 66528
1712703780410 348.0 66736
1712703781121 348.0 66912
1712703781254 348.0 66952
1712703781938 348.0 67208
1712703782078 348.0 67312
1712703782737 348.0 67368
1712703784075 348.0 67912
1712703785583 348.0 68424
1712703787781 348.0 69128
1712703789171 348.0 69744
1712703789945 349.0 70136
1712703790661 348.0 70232
1712703790809 348.0 70352
1712703790885 348.0 70368
1712703795254 350.0 72160
1712703795978 349.0 72240
1712703796801 349.0 72544
1712703798978 349.0 73312
1712703804101 349.0 75112
1712703804228 349.0 75120
1712703804340 349.0 75256
1712703805073 348.0 75296
1712703809503 348.0 76872
1712703811768 349.0 77736
1712703813169 349.0 78224
1712703813296 349.0 78248
1712703814583 349.0 78696
1712703815957 349.0 79320
1712703816684 349.0 79504
1712703819255 350.0 80560
1712703819991 350.0 80800
1712703820718 349.0 81016
1712703822642 350.0 81792
1712703825176 350.0 82784
1712703826613 351.0 83344
1712703827335 351.0 83616
1712703828686 351.0 84160
1712703829594 351.0 84352
1712703830856 351.0 84960
1712703833123 351.0 85728
1712703834676 351.0 86216
1712703835494 350.0 86352
1712703839142 350.0 87672
1712703839294 350.0 87768
1712703842862 350.0 88952
1712703843703 350.0 89216
1712703845247 350.0 89688
1712703845389 350.0 89776
1712703846178 350.0 90080
1712703846949 349.0 90136
1712703847080 349.0 90160
1712703848541 349.0 90680
1712703848700 349.0 90816
1712703849432 349.0 91064
1712703856306 350.0 93520
1712703857845 350.0 94128
1712703859360 350.0 94592
1712703860195 350.0 94952
1712703861507 348.0 95032
1712703862259 348.0 95240
1712703862404 348.0 95344
1712703863132 349.0 95712
1712703863864 349.0 95880
1712703864641 349.0 96216
1712703865383 349.0 96408
1712703865520 348.0 96440
1712703866207 348.0 96600
1712703866344 348.0 96664
1712703868292 349.0 97520
1712703869002 348.0 97584
1712703869141 348.0 97680
1712703869225 348.0 97728
1712703870525 348.0 98160
1712703870668 349.0 98280
1712703871218 348.0 98336
1712703871850 348.0 98576
1712703871997 349.0 98712
1712703872613 348.0 98912
1712703873975 349.0 99424
1712703874728 349.0 99760
1712703874871 349.0 99840
1712703875531 348.0 99880
1712703875674 348.0 99960
1712703875756 348.0 99984
1712703878481 347.0 100408
1712703879975 347.0 100920
1712703880147 347.0 101104
1712703880897 346.0 101136
1712703882445 346.0 101712
1712703883289 347.0 102080
1712703884102 346.0 102160
1712703884956 346.0 102504
1712703885809 346.0 102784
1712703886611 346.0 102920
1712703886770 346.0 103056
1712703887513 345.0 103208
1712703888876 346.0 103704
1712703889156 346.0 103808
1712703889920 346.0 104096
1712703891488 345.0 104528
1712703892997 345.0 105032
1712703893149 345.0 105176
1712703893894 345.0 105232
1712703895438 345.0 105736
1712703896969 345.0 106304
1712703897109 345.0 106344
1712703898629 345.0 106912
1712703899991 345.0 107360
1712703900138 345.0 107480
1712703900797 345.0 107608
1712703902171 345.0 108248
1712703902922 345.0 108376
1712703904479 345.0 108880
1712703905302 345.0 109128
1712703905446 345.0 109224
1712703906196 345.0 109384
1712703906331 345.0 109432
1712703906444 345.0 109560
1712703907201 345.0 109752
1712703908686 344.0 110104
1712703910950 344.0 110880
1712703911104 344.0 110992
1712703911188 344.0 111024
1712703911267 344.0 111048
1712703912057 344.0 111240
1712703913605 344.0 111760
1712703915087 344.0 112200
1712703917317 344.0 113000
1712703917445 344.0 113000
1712703921064 344.0 114256
1712703921195 344.0 114272
1712703921291 344.0 114352
1712703922038 343.0 114456
1712703923545 343.0 114952
1712703923684 343.0 115008
1712703923767 343.0 115032
1712703923845 343.0 115040
1712703925344 343.0 115592
1712703925481 343.0 115632
1712703926245 343.0 115800
1712703926386 343.0 115848
1712703927814 343.0 116248
1712703927956 343.0 116296
1712703928650 343.0 116552
1712703929399 343.0 116976
1712703930150 343.0 117088
1712703930311 343.0 117216
1712703931045 343.0 117432
1712703931657 343.0 117576
1712703931797 343.0 117672
1712703931882 343.0 117728
1712703932599 343.0 117840
1712703933378 343.0 118224
1712703933511 343.0 118272
1712703934208 343.0 118392
1712703935548 342.0 118808
1712703936280 343.0 119072
1712703936477 343.0 119224
1712703937164 343.0 119456
1712703937299 343.0 119496
1712703937374 343.0 119512
1712703938645 343.0 119872
1712703938771 342.0 119872
1712703939352 343.0 120128
1712703940001 343.0 120464
1712703940130 343.0 120464
1712703940219 343.0 120568
1712703940797 343.0 120784
1712703941527 342.0 120848
1712703941660 342.0 120880
1712703941764 343.0 121056
1712703942445 342.0 121104
1712703942594 342.0 121192
1712703943414 343.0 121552
1712703943547 343.0 121576
1712703943628 343.0 121592
1712703944390 342.0 121728
1712703945186 342.0 121912
1712703946039 342.0 122192
1712703946179 342.0 122288
1712703946927 342.0 122392
1712703947055 342.0 122400
1712703947136 341.0 122416
1712703947917 341.0 122632
1712703948046 341.0 122640
1712703948993 341.0 122952
1712703949117 341.0 122952
1712703949197 341.0 122976
1712703949287 341.0 123056
1712703949362 341.0 123064
1712703949444 341.0 123096
1712703950120 341.0 123296
1712703950299 341.0 123392
1712703951089 341.0 123608
1712703951225 341.0 123624
1712703951974 340.0 123704
1712703952103 340.0 123704
1712703952186 340.0 123744
1712703952980 340.0 124024
1712703953112 340.0 124048
1712703953891 340.0 124272
1712703954021 340.0 124280
1712703954114 340.0 124344
1712703954190 340.0 124344
1712703954955 340.0 124464
1712703955814 340.0 124768
1712703955959 340.0 124848
1712703956046 340.0 124880
1712703956133 340.0 124920
1712703956855 339.0 124992
1712703957013 340.0 125112
1712703957102 340.0 125176
1712703958545 339.0 125496
1712703958673 339.0 125504
1712703958773 339.0 125552
1712703958857 339.0 125608
1712703958938 339.0 125632
1712703959623 339.0 125712
1712703959754 339.0 125728
1712703959850 339.0 125840
1712703960630 339.0 126104
1712703960766 339.0 126128
1712703960842 339.0 126136
1712703961606 338.0 126224
1712703961741 338.0 126248
1712703961841 339.0 126352
1712703961925 339.0 126376
1712703962679 338.0 126496
1712703962858 339.0 126696
1712703963591 338.0 126752
1712703963727 338.0 126792
1712703963834 338.0 126896
1712703963927 338.0 126944
1712703964678 338.0 126992
1712703964812 338.0 127024
1712703964903 338.0 127080
1712703965685 338.0 127312
1712703965833 338.0 127464
1712703965912 338.0 127472
1712703966664 337.0 127496
1712703966808 337.0 127600
1712703966894 337.0 127640
1712703966977 337.0 127688
1712703967048 337.0 127696
1712703967756 337.0 127936
1712703968461 337.0 128048
1712703968601 337.0 128088
1712703968678 337.0 128104
1712703968767 337.0 128184
1712703969405 337.0 128272
1712703969536 337.0 128288
1712703969616 337.0 128312
1712703969729 337.0 128504
1712703970407 337.0 128680
1712703970541 337.0 128744
1712703970620 337.0 128752
1712703971175 337.0 128824
1712703971307 337.0 128864
1712703971392 337.0 128896
1712703971472 337.0 128912
1712703972152 337.0 129112
1712703972305 337.0 129272
1712703972946 336.0 129328
1712703973075 336.0 129336
1712703973162 336.0 129392
1712703973246 336.0 129432
1712703973332 337.0 129488
1712703973411 337.0 129512
1712703974085 336.0 129704
1712703974823 336.0 129872
1712703974975 336.0 129984
1712703975049 336.0 129984
1712703975124 336.0 129992
1712703975791 336.0 130056
1712703975921 336.0 130088
1712703975996 336.0 130096
1712703976099 336.0 130264
1712703976785 336.0 130432
1712703976931 336.0 130552
1712703977583 336.0 130576
1712703977713 336.0 130592
1712703977797 336.0 130640
1712703977879 336.0 130688
1712703977955 336.0 130704
1712703978631 335.0 130848
1712703978779 336.0 131000
1712703979449 335.0 131120
1712703979578 335.0 131136
1712703979657 335.0 131152
1712703979747 335.0 131208
1712703979830 335.0 131248
1712703979912 335.0 131280
1712703980578 335.0 131432
1712703981509 335.0 131584
1712703982188 335.0 131688
1712703982319 335.0 131728
1712703982394 334.0 131728
1712703982482 335.0 131768
1712703982569 335.0 131832
1712703983221 334.0 131848
1712703983371 334.0 132008
1712703984042 334.0 132144
1712703984184 334.0 132248
1712703984269 334.0 132288
1712703984349 334.0 132304
1712703984431 334.0 132336
1712703985089 334.0 132400
1712703985221 334.0 132424
1712703985333 334.0 132576
1712703985991 334.0 132704
1712703986130 334.0 132800
1712703986209 334.0 132832
1712703986295 334.0 132864
1712703986841 334.0 132888
1712703986978 334.0 132968
1712703987056 334.0 132984
1712703987621 334.0 133128
1712703987770 334.0 133288
1712703987859 334.0 133376
1712703988407 334.0 133400
1712703988536 334.0 133408
1712703988618 334.0 133432
1712703988706 334.0 133504
1712703988786 334.0 133528
1712703989480 333.0 133688
1712703989628 334.0 133840
1712703990307 333.0 133944
1712703990436 333.0 133952
1712703990523 333.0 133976
1712703990628 333.0 134064
1712703990721 333.0 134112
1712703991458 333.0 134152
1712703991604 333.0 134224
1712703991721 333.0 134384
1712703992483 333.0 134520
1712703992613 333.0 134528
1712703992706 333.0 134600
1712703992792 333.0 134640
1712703993526 333.0 134712
1712703993660 333.0 134768
1712703994431 332.0 134928
1712703994566 332.0 134960
1712703994668 333.0 135072
1712703994768 333.0 135160
1712703995512 332.0 135200
1712703995655 332.0 135296
1712703995739 332.0 135328
1712703996496 332.0 135464
1712703996642 332.0 135520
1712703996730 332.0 135616
1712703997480 332.0 135728
1712703997634 332.0 135816
1712703997726 332.0 135872
1712703997802 332.0 135880
1712703998556 332.0 136008
1712703998719 332.0 136152
1712703999468 331.0 136216
1712703999607 331.0 136264
1712703999691 331.0 136288
1712703999796 332.0 136416
1712704000542 331.0 136464
1712704000687 331.0 136536
1712704000781 331.0 136608
1712704002240 331.0 136968
1712704002383 331.0 137016
1712704003167 331.0 137224
1712704003301 331.0 137264
1712704003385 331.0 137312
1712704003474 331.0 137368
1712704003577 331.0 137472
1712704004317 331.0 137536
1712704004490 331.0 137720
1712704005239 331.0 137776
1712704005383 331.0 137848
1712704005484 331.0 137944
1712704006250 331.0 138056
1712704007090 330.0 138264
1712704007252 331.0 138400
1712704007343 331.0 138448
1712704007424 331.0 138480
1712704007503 331.0 138488
1712704008251 330.0 138576
1712704008396 330.0 138688
1712704009061 330.0 138800
1712704009808 330.0 139016
1712704009936 330.0 139024
1712704010019 330.0 139072
1712704010119 330.0 139224
1712704010195 330.0 139232
1712704010941 330.0 139336
1712704011110 330.0 139496
1712704011869 330.0 139544
1712704012007 330.0 139568
1712704012088 330.0 139568
1712704012179 330.0 139616
1712704012957 329.0 139800
1712704013087 329.0 139824
1712704013171 329.0 139872
1712704013283 330.0 140032
1712704014022 329.0 140080
1712704014156 329.0 140112
1712704014236 329.0 140128
1712704014439 329.0 140240
1712704015004 329.0 140360
1712704015127 329.0 140360
1712704015211 329.0 140432
1712704015788 329.0 140648
1712704015915 329.0 140672
1712704016007 329.0 140776
1712704016560 329.0 140808
1712704016698 329.0 140896
1712704016799 329.0 141048
1712704017446 329.0 141080
1712704017599 329.0 141184
1712704017680 329.0 141216
1712704018351 329.0 141336
1712704018481 329.0 141352
1712704018560 329.0 141400
1712704018657 329.0 141520
1712704019253 329.0 141600
1712704019390 329.0 141664
1712704019478 329.0 141744
1712704019556 329.0 141760
1712704020240 329.0 141880
1712704020370 329.0 141888
1712704020459 329.0 141976
1712704021143 329.0 142136
1712704021277 329.0 142200
1712704021366 329.0 142288
1712704021447 329.0 142312
1712704022121 328.0 142440
1712704022261 329.0 142496
1712704022340 328.0 142504
1712704022417 328.0 142520
1712704023115 328.0 142704
1712704023249 328.0 142760
1712704023335 328.0 142824
1712704024020 328.0 142976
1712704024161 328.0 143040
1712704024241 328.0 143056
1712704024322 328.0 143096
1712704024884 328.0 143248
1712704025021 328.0 143328
1712704025580 328.0 143384
1712704025707 328.0 143384
1712704025807 328.0 143544
1712704025895 328.0 143592
1712704025975 328.0 143616
1712704026658 328.0 143632
1712704026826 328.0 143792
1712704026922 328.0 143864
1712704027657 328.0 143920
1712704027791 328.0 143928
1712704027911 328.0 144096
1712704028622 327.0 144136
1712704028758 327.0 144176
1712704028830 327.0 144176
1712704028948 328.0 144328
1712704029642 327.0 144400
1712704029794 327.0 144504
1712704029871 327.0 144512
1712704029980 328.0 144640
1712704030728 327.0 144704
1712704030856 327.0 144712
1712704030960 327.0 144824
1712704031050 327.0 144872
1712704031779 327.0 144936
1712704031936 327.0 145048
1712704032022 327.0 145088
1712704032786 327.0 145192
1712704032925 327.0 145264
1712704033010 327.0 145296
1712704033783 327.0 145432
1712704033907 327.0 145440
1712704033995 327.0 145496
1712704034099 327.0 145608
1712704034180 327.0 145624
1712704034955 326.0 145752
1712704035115 327.0 145888
1712704035199 327.0 145912
1712704035949 326.0 145984
1712704036078 326.0 145992
1712704036169 326.0 146048
1712704036272 326.0 146152
1712704036992 326.0 146200
1712704037157 326.0 146344
1712704037827 326.0 146448
1712704037973 326.0 146584
1712704038051 326.0 146592
1712704038135 326.0 146632
1712704038815 326.0 146736
1712704038952 326.0 146784
1712704039640 326.0 147000
1712704039775 326.0 147072
1712704039858 326.0 147104
1712704039935 326.0 147136
1712704040020 326.0 147192
1712704040097 326.0 147192
1712704040770 326.0 147336
1712704041430 325.0 147384
1712704042180 325.0 147608
1712704042319 325.0 147632
1712704042405 325.0 147648
1712704043171 325.0 147760
1712704043332 325.0 147888
1712704043414 325.0 147920
1712704043492 325.0 147928
1712704044224 325.0 148008
1712704044394 325.0 148192
1712704044471 325.0 148208
1712704045200 325.0 148240
1712704045362 325.0 148440
1712704045446 325.0 148472
1712704046177 324.0 148496
1712704046307 324.0 148504
1712704046411 325.0 148616
1712704047169 324.0 148808
1712704047297 324.0 148816
1712704047388 324.0 148872
1712704048150 324.0 149008
1712704048286 324.0 149072
1712704048375 324.0 149112
1712704048463 324.0 149152
1712704048555 324.0 149192
1712704049329 324.0 149472
1712704049459 324.0 149504
1712704050134 324.0 149584
1712704050282 324.0 149664
1712704050377 324.0 149728
1712704050458 324.0 149752
1712704051113 324.0 149776
1712704052320 323.0 150048
1712704052484 323.0 150096
1712704052573 324.0 150152
1712704052651 323.0 150168
1712704053371 323.0 150296
1712704053508 323.0 150344
1712704053583 323.0 150344
1712704053665 323.0 150392
1712704054357 323.0 150608
1712704054505 323.0 150720
1712704055140 323.0 150816
1712704055276 323.0 150888
1712704055359 323.0 150928
1712704055441 323.0 150968
1712704055516 323.0 150976
1712704056108 323.0 151240
1712704056713 323.0 151328
1712704056849 323.0 151400
1712704056934 323.0 151464
1712704057018 323.0 151520
1712704057676 323.0 151576
1712704057807 323.0 151616
1712704057886 323.0 151624
1712704058667 323.0 151856
1712704058802 323.0 151912
1712704059487 323.0 152168
1712704059615 323.0 152176
1712704059697 323.0 152200
1712704059775 323.0 152224
1712704059858 323.0 152264
1712704059933 323.0 152272
1712704060510 323.0 152480
1712704060644 323.0 152560
1712704061227 323.0 152768
1712704061359 323.0 152792
1712704061435 323.0 152800
1712704061515 323.0 152832
1712704062184 323.0 152872
1712704062359 323.0 153040
1712704063096 323.0 153104
1712704063239 323.0 153176
1712704064031 323.0 153432
1712704064163 323.0 153456
1712704064239 323.0 153456
1712704064315 322.0 153464
1712704064398 323.0 153504
1712704064992 323.0 153800
1712704065615 323.0 153944
1712704065748 323.0 154000
1712704065832 323.0 154048
1712704065920 323.0 154104
1712704066590 322.0 154128
1712704066715 322.0 154128
1712704066795 322.0 154176
1712704067481 322.0 154400
1712704067636 323.0 154608
1712704068235 322.0 154680
1712704068366 322.0 154712
1712704068471 323.0 154816
1712704068552 322.0 154840
1712704068632 322.0 154856
1712704069303 322.0 155008
1712704070036 322.0 155272
1712704070183 322.0 155352
1712704070264 322.0 155360
1712704070982 322.0 155400
1712704071143 322.0 155536
1712704071221 322.0 155536
1712704071306 322.0 155568
1712704071400 322.0 155632
1712704073118 322.0 156016
1712704073268 322.0 156016
1712704073356 322.0 156024
1712704073447 322.0 156056
1712704074143 322.0 156184
1712704074274 322.0 156208
1712704074349 321.0 156216
1712704074437 322.0 156296
1712704075147 322.0 156664
1712704075866 321.0 156688
1712704075989 321.0 156688
1712704076075 321.0 156728
1712704076162 321.0 156792
1712704076241 321.0 156832
1712704076324 322.0 156880
1712704076406 322.0 156904
1712704077870 321.0 157304
1712704078017 321.0 157360
1712704078753 321.0 157456
1712704078888 321.0 157480
1712704078964 321.0 157488
1712704079041 321.0 157496
1712704079117 321.0 157496
1712704079199 321.0 157544
1712704080674 321.0 157960
1712704080808 321.0 157992
1712704080916 321.0 158120
1712704080992 321.0 158120
1712704081070 321.0 158128
1712704081141 321.0 158128
1712704081230 321.0 158176
1712704081307 321.0 158176
1712704082770 321.0 158704
1712704083554 321.0 158728
1712704083690 321.0 158768
1712704083777 321.0 158808
1712704083858 321.0 158840
1712704083933 321.0 158840
1712704084017 321.0 158872
1712704084106 321.0 158928
1712704085570 321.0 159384
1712704085701 321.0 159416
1712704085792 321.0 159480
1712704086520 320.0 159504
1712704086649 320.0 159520
1712704086742 320.0 159600
1712704086824 320.0 159648
1712704086904 320.0 159688
1712704088380 320.0 160064
1712704088519 320.0 160104
1712704088609 320.0 160160
1712704088700 320.0 160176
1712704088783 320.0 160184
1712704089513 320.0 160280
1712704089661 320.0 160368
1712704089740 320.0 160376
1712704090542 320.0 160744
1712704091289 320.0 160784
1712704091430 320.0 160840
1712704091524 320.0 160912
1712704091608 320.0 160944
1712704092377 320.0 161056
1712704092508 320.0 161072
1712704092622 320.0 161224
1712704093435 320.0 161504
1712704094238 319.0 161544
1712704094377 319.0 161584
1712704094466 319.0 161632
1712704094557 319.0 161696
1712704094641 320.0 161760
1712704095386 319.0 161840
1712704095525 319.0 161912
1712704096325 319.0 162200
1712704096463 319.0 162232
1712704096548 319.0 162296
1712704097296 319.0 162320
1712704097449 319.0 162416
1712704097546 319.0 162504
1712704097621 319.0 162512
1712704098375 319.0 162632
1712704099212 319.0 162904
1712704099340 319.0 162920
1712704099438 319.0 163008
1712704100189 319.0 163128
1712704100318 319.0 163144
1712704100409 319.0 163208
1712704100488 319.0 163216
1712704101251 319.0 163368
1712704102065 319.0 163616
1712704102199 318.0 163648
1712704102295 319.0 163720
1712704102396 319.0 163832
1712704103129 318.0 163864
1712704103277 318.0 163936
1712704103357 318.0 163960
1712704103452 319.0 164080
1712704104224 319.0 164312
1712704104352 318.0 164320
1712704105097 318.0 164432
1712704105255 318.0 164544
1712704105335 318.0 164560
1712704106084 318.0 164624
1712704106230 318.0 164744
1712704106307 318.0 164760
1712704107111 318.0 165040
1712704107237 318.0 165048
1712704107999 318.0 165152
1712704108137 318.0 165208
1712704108220 318.0 165240
1712704108325 318.0 165360
1712704108986 318.0 165424
1712704109118 318.0 165448
1712704109900 318.0 165744
1712704110033 318.0 165760
1712704110123 318.0 165824
1712704110869 318.0 165928
1712704110996 317.0 165936
1712704111098 318.0 166048
1712704111196 318.0 166136
1712704111945 317.0 166200
1712704112761 317.0 166424
1712704112890 317.0 166440
1712704113005 318.0 166592
1712704113085 318.0 166608
1712704113823 317.0 166672
1712704113991 317.0 166832
1712704114073 317.0 166864
1712704114149 317.0 166872
1712704115002 317.0 167088
1712704115131 317.0 167096
1712704115909 317.0 167240
1712704116043 317.0 167272
1712704116134 317.0 167328
1712704116888 317.0 167488
1712704117024 317.0 167528
1712704117102 317.0 167536
1712704117866 317.0 167752
1712704117993 317.0 167760
1712704118091 317.0 167904
1712704118819 317.0 167952
1712704118961 317.0 168016
1712704119080 317.0 168184
1712704119159 317.0 168192
1712704119911 316.0 168232
1712704120066 317.0 168440
1712704120735 316.0 168456
1712704120886 317.0 168616
1712704120965 317.0 168632
1712704121054 317.0 168688
1712704121727 317.0 168840
1712704121862 317.0 168888
1712704122531 316.0 168984
1712704122683 316.0 169088
1712704122765 316.0 169128
1712704123421 316.0 169272
1712704123558 316.0 169320
1712704123641 316.0 169360
1712704124293 316.0 169512
1712704124427 316.0 169568
1712704124527 316.0 169664
1712704125239 316.0 169760
1712704125376 316.0 169792
1712704125476 316.0 169928
1712704126220 316.0 170024
1712704126346 316.0 170032
1712704126445 316.0 170176
1712704126527 316.0 170232
1712704127088 316.0 170336
1712704127225 316.0 170416
1712704127308 316.0 170472
1712704127992 316.0 170608
1712704128129 316.0 170656
1712704128207 316.0 170672
1712704128876 316.0 170848
1712704129011 316.0 170912
1712704129101 316.0 171008
1712704129758 316.0 171088
1712704129890 316.0 171112
1712704129989 316.0 171264
1712704130640 316.0 171344
1712704130767 316.0 171360
1712704130866 316.0 171520
1712704131526 316.0 171600
1712704131666 316.0 171696
1712704131749 316.0 171744
1712704132409 316.0 171800
1712704132556 316.0 171944
1712704133250 316.0 172040
1712704133381 316.0 172040
1712704133499 316.0 172184
1712704133601 316.0 172280
1712704134272 316.0 172368
1712704134400 316.0 172408
1712704134479 316.0 172440
1712704135160 316.0 172640
1712704135297 316.0 172720
1712704135374 316.0 172720
1712704136061 316.0 172848
1712704136202 316.0 172952
1712704136941 315.0 173072
1712704137065 315.0 173072
1712704137146 315.0 173088
1712704137266 316.0 173272
1712704137999 315.0 173360
1712704138126 315.0 173368
1712704138239 316.0 173512
1712704138985 315.0 173616
1712704139129 315.0 173736
1712704139206 315.0 173744
1712704139284 315.0 173752
1712704140051 315.0 173944
1712704140194 315.0 174008
1712704140280 315.0 174048
1712704141035 315.0 174168
1712704141175 315.0 174272
1712704141946 315.0 174400
1712704142072 315.0 174400
1712704142147 315.0 174400
1712704142900 315.0 174608
1712704143032 315.0 174664
1712704143112 315.0 174688
1712704143219 315.0 174808
1712704143976 315.0 174920
1712704144135 315.0 175048
1712704144209 315.0 175048
1712704144948 315.0 175112
1712704145115 315.0 175272
1712704145218 315.0 175328
1712704145297 315.0 175336
1712704145949 315.0 175448
1712704146088 315.0 175552
1712704146753 315.0 175688
1712704146884 315.0 175712
1712704146965 315.0 175776
1712704147647 315.0 175928
1712704147778 315.0 175968
1712704147856 315.0 176000
1712704147943 315.0 176064
1712704148632 314.0 176224
1712704148777 315.0 176360
1712704148854 315.0 176384
1712704149489 314.0 176440
1712704149636 315.0 176584
1712704149723 315.0 176624
1712704149796 315.0 176632
1712704150504 314.0 176712
1712704151226 314.0 176888
1712704151935 314.0 177000
1712704152067 314.0 177024
1712704152165 314.0 177112
1712704152913 314.0 177224
1712704153041 314.0 177248
1712704153123 314.0 177272
1712704153225 314.0 177368
1712704153977 314.0 177576
1712704154752 314.0 177672
1712704154883 314.0 177704
1712704154967 314.0 177752
1712704155078 314.0 177896
1712704155157 314.0 177904
1712704155871 313.0 177928
1712704156032 314.0 178048
1712704156826 313.0 178224
1712704156976 314.0 178328
1712704157063 314.0 178360
1712704157808 313.0 178456
1712704157957 313.0 178552
1712704158033 313.0 178560
1712704158109 313.0 178560
1712704158220 314.0 178688
1712704158983 313.0 178880
1712704159784 313.0 178992
1712704159916 313.0 179016
1712704160011 313.0 179088
1712704160115 313.0 179200
1712704160198 313.0 179200
1712704160924 313.0 179232
1712704161073 313.0 179328
1712704161839 313.0 179504
1712704162006 313.0 179648
1712704162087 313.0 179672
1712704162838 313.0 179752
1712704162990 313.0 179840
1712704163063 313.0 179848
1712704163148 313.0 179872
1712704163845 313.0 179984
1712704164006 313.0 180128
1712704164992 313.0 180304
1712704165195 313.0 180312
1712704165326 313.0 180368
1712704166156 312.0 180496
1712704166317 312.0 180528
1712704166422 312.0 180560
1712704166526 312.0 180632
1712704167281 312.0 180784
1712704167470 312.0 180960
1712704167558 312.0 180960
1712704168267 312.0 181016
1712704168443 312.0 181144
1712704168543 312.0 181176
1712704168636 312.0 181184
1712704169367 312.0 181304
1712704169539 312.0 181432
1712704170227 312.0 181616
1712704170374 312.0 181648
1712704170460 312.0 181664
1712704171225 312.0 181808
1712704171377 312.0 181832
1712704171475 312.0 181848
1712704172283 312.0 182040
1712704172440 312.0 182080
1712704172577 312.0 182256
1712704172670 312.0 182264
1712704173776 312.0 182304
1712704174005 311.0 182432
1712704174129 312.0 182512
1712704174811 311.0 182544
1712704174995 311.0 182704
1712704175103 311.0 182704
1712704175907 311.0 182896
1712704176064 311.0 182920
1712704176160 311.0 182952
1712704176891 311.0 183088
1712704177054 311.0 183136
1712704177150 311.0 183192
1712704177967 311.0 183336
1712704178130 311.0 183384
1712704178250 311.0 183528
1712704178946 311.0 183576
1712704179102 311.0 183600
1712704179228 311.0 183736
1712704179957 311.0 183816
1712704180115 311.0 183840
1712704180245 311.0 184000
1712704180344 311.0 184024
1712704181033 311.0 184168
1712704181190 311.0 184224
1712704181277 311.0 184232
1712704182002 310.0 184360
1712704182260 311.0 184512
1712704182355 311.0 184552
1712704183045 310.0 184648
1712704183193 310.0 184680
1712704183911 310.0 184840
1712704184085 310.0 184880
1712704184210 310.0 184896
1712704184322 310.0 185016
1712704185106 310.0 185168
1712704185265 310.0 185224
1712704185365 310.0 185304
1712704185461 310.0 185344
1712704186328 310.0 185488
1712704186476 310.0 185520
1712704186573 310.0 185544
1712704187265 310.0 185656
1712704187439 310.0 185832
1712704188107 310.0 185864
1712704188281 310.0 185976
1712704188381 310.0 185984
1712704189165 310.0 186152
1712704189311 310.0 186168
1712704189411 310.0 186208
1712704189518 310.0 186272
1712704190193 310.0 186464
1712704190332 310.0 186480
1712704190438 310.0 186600
1712704190517 310.0 186600
1712704191156 310.0 186816
1712704191298 310.0 186824
1712704191381 310.0 186856
1712704192007 310.0 186920
1712704192179 310.0 187096
1712704192266 310.0 187120
1712704192957 310.0 187256
1712704193095 310.0 187264
1712704193801 310.0 187488
1712704193947 310.0 187496
1712704194037 309.0 187496
1712704194132 310.0 187568
1712704194789 310.0 187768
1712704194930 310.0 187800
1712704195023 310.0 187896
1712704195677 309.0 187944
1712704195834 310.0 188088
1712704195920 310.0 188128
1712704196560 309.0 188184
1712704196697 309.0 188200
1712704196814 310.0 188416
1712704197467 309.0 188456
1712704197617 309.0 188552
1712704197712 309.0 188600
1712704199485 309.0 188736
1712704199627 309.0 188768
1712704199758 309.0 188816
1712704199846 309.0 188848
1712704200531 309.0 189048
1712704200674 309.0 189112
1712704201304 309.0 189208
1712704201450 309.0 189272
1712704201547 309.0 189392
1712704202159 309.0 189448
1712704202298 309.0 189456
1712704202765 309.0 189488
1712704202877 309.0 189680
1712704203552 308.0 189760
1712704203706 308.0 189880
1712704204387 308.0 189936
1712704205069 308.0 190064
1712704205210 308.0 190104
1712704205522 308.0 190128
1712704205601 308.0 190144
1712704206641 308.0 190336
1712704206776 308.0 190384
1712704207491 308.0 190520
1712704207628 308.0 190568
1712704208373 308.0 190752
1712704208509 308.0 190760
1712704208598 308.0 190792
1712704208678 307.0 190792
1712704209382 307.0 190984
1712704209540 308.0 191096
1712704209632 308.0 191168
1712704210356 307.0 191288
1712704210518 308.0 191400
1712704210713 307.0 191416
1712704210798 307.0 191432
1712704210881 307.0 191456
1712704211539 307.0 191616
1712704211690 308.0 191744
1712704212342 307.0 191816
1712704212493 307.0 191920
1712704213179 307.0 192040
1712704213311 307.0 192048
1712704213389 307.0 192056
1712704213472 307.0 192096
1712704213589 307.0 192240
1712704214306 307.0 192464
1712704214444 307.0 192480
1712704215438 307.0 192712
1712704215568 307.0 192720
1712704215651 307.0 192752
1712704216358 307.0 192864
1712704217117 307.0 193096
1712704217249 307.0 193104
1712704217332 307.0 193120
1712704218046 307.0 193352
1712704218248 307.0 193360
1712704218329 307.0 193392
1712704218407 307.0 193392
1712704218502 307.0 193488
1712704219204 307.0 193696
1712704219339 307.0 193760
1712704219418 307.0 193784
1712704220001 307.0 194000
1712704220135 307.0 194040
1712704220210 307.0 194048
1712704220286 307.0 194048
1712704220857 307.0 194200
1712704221480 307.0 194344
1712704221615 307.0 194408
1712704221711 307.0 194496
1712704222402 307.0 194680
1712704222531 307.0 194688
1712704222610 307.0 194712
1712704222687 307.0 194720
1712704223366 307.0 194864
1712704223515 307.0 194992
1712704224199 307.0 195112
1712704224338 307.0 195120
1712704224455 307.0 195312
1712704225097 307.0 195336
1712704225229 307.0 195344
1712704225309 307.0 195360
1712704225420 307.0 195504
1712704226099 307.0 195664
1712704226262 307.0 195760
1712704226343 307.0 195760
1712704227032 307.0 195952
1712704227163 307.0 195984
1712704227250 307.0 196024
1712704227911 307.0 196120
1712704228067 307.0 196328
1712704228728 307.0 196392
1712704228858 307.0 196416
1712704228952 307.0 196528
1712704229036 307.0 196600
1712704229683 307.0 196640
1712704229817 307.0 196696
1712704229906 307.0 196792
1712704230477 307.0 196960
1712704230615 307.0 197048
1712704230687 307.0 197056
1712704231254 307.0 197176
1712704231392 307.0 197272
1712704231477 307.0 197312
1712704231555 307.0 197352
1712704232110 307.0 197416
1712704232265 307.0 197592
1712704232937 307.0 197680
1712704233068 307.0 197712
1712704233164 307.0 197808
1712704233869 307.0 197928
1712704233997 306.0 197944
1712704234087 307.0 198000
1712704234170 307.0 198056
1712704234753 307.0 198296
1712704234888 307.0 198344
1712704234964 307.0 198360
1712704235524 307.0 198448
1712704235672 307.0 198560
1712704235750 307.0 198592
1712704235829 307.0 198624
1712704236500 306.0 198728
1712704237252 307.0 198968
1712704237378 306.0 198976
1712704237454 306.0 198976
1712704237543 307.0 199064
1712704238226 306.0 199192
1712704238359 306.0 199248
1712704238435 306.0 199248
1712704238527 306.0 199352
1712704239103 307.0 199592
1712704239227 307.0 199600
1712704239306 307.0 199624
1712704239904 306.0 199704
1712704240058 307.0 199832
1712704240145 307.0 199880
1712704240221 307.0 199888
1712704241423 306.0 200080
1712704242161 306.0 200248
1712704242291 306.0 200264
1712704242370 306.0 200272
1712704242452 306.0 200328
1712704243205 306.0 200496
1712704243345 306.0 200544
1712704243445 306.0 200704
1712704244214 306.0 200896
1712704244342 306.0 200904
1712704244417 306.0 200904
1712704244493 306.0 200912
1712704245231 306.0 200968
1712704245378 306.0 201088
1712704245463 306.0 201120
1712704246235 306.0 201288
1712704246396 306.0 201432
1712704246482 306.0 201464
1712704247242 306.0 201520
1712704248111 306.0 201904
1712704248253 306.0 201968
1712704249704 306.0 202400
1712704250509 306.0 202520
1712704251358 306.0 202864
1712704261781 307.0 206824
1712704263728 307.0 207592
1712704267572 308.0 209080
1712704267710 308.0 209112
1712704268272 308.0 209280
1712704268902 308.0 209512
1712704271055 308.0 210512
1712704271702 308.0 210856
1712704279207 309.0 213576
1712704282861 309.0 214816
1712704284820 309.0 215584
1712704285612 310.0 215992
1712704287454 310.0 216504
1712704288807 310.0 217072
1712704289529 309.0 217104
1712704290405 310.0 217504
1712704293321 310.0 218504
1712704301051 311.0 221568
1712704306100 311.0 223576
1712704306858 312.0 223984
1712704308200 312.0 224496
1712704310141 312.0 225064
1712704310271 312.0 225096
1712704310989 312.0 225496
1712704313585 312.0 226496
1712704314962 312.0 227064
1712704316409 312.0 227472
1712704321073 313.0 229376
1712704327577 313.0 231568
1712704330402 313.0 232488
1712704330536 313.0 232544
1712704331848 313.0 233056
1712704331977 313.0 233088
1712704332776 313.0 233232
1712704335420 314.0 234488
1712704337952 314.0 235464
1712704342323 314.0 237112
1712704348073 315.0 239560
1712704350613 315.0 240480
1712704350746 315.0 240536
1712704351835 316.0 241048
1712704351966 316.0 241080
1712704352584 315.0 241224
1712704358268 316.0 243456
1712704363300 316.0 245104
1712704367643 316.0 246664
1712704369930 317.0 247552
1712704372212 317.0 248296
1712704372988 316.0 248336
1712704373122 316.0 248368
1712704373223 316.0 248472
1712704373312 316.0 248528
1712704374026 316.0 248600
1712704374159 316.0 248632
1712704374232 316.0 248632
1712704375526 316.0 249136
1712704375664 316.0 249216
1712704375743 316.0 249232
1712704375832 316.0 249336
1712704376433 316.0 249424
1712704376574 316.0 249504
1712704376649 316.0 249528
1712704376725 316.0 249544
1712704378742 316.0 250040
