1712703606850 17.0 7992
1712703606980 17.0 7992
1712703607055 17.0 7992
1712703607138 17.0 7992
1712703607213 18.0 7992
1712703607287 18.0 7992
1712703607360 18.0 7992
1712703607437 18.0 7992
1712703621846 32.0 13328
1712703624124 34.0 14272
1712703624929 35.0 14464
1712703628624 39.0 15872
1712703629432 40.0 15984
1712703629560 40.0 15984
1712703629635 40.0 15984
1712703629710 40.0 15984
1712703632545 43.0 17000
1712703633402 44.0 17392
1712703641290 52.0 20104
1712703642128 52.0 20288
1712703642250 53.0 20288
1712703643718 54.0 20984
1712703645075 55.0 21280
1712703645838 56.0 21648
1712703647187 58.0 22104
1712703647963 58.0 22456
1712703648090 58.0 22456
1712703648786 59.0 22768
1712703651928 62.0 23864
1712703652070 62.0 23960
1712703652149 62.0 23976
1712703652817 63.0 24144
1712703653569 64.0 24352
1712703654245 65.0 24640
1712703654975 65.0 24896
1712703655106 65.0 24928
1712703656477 67.0 25528
1712703658483 69.0 26168
1712703658615 69.0 26192
1712703658707 69.0 26304
1712703660189 71.0 26712
1712703661762 72.0 27232
1712703661889 72.0 27232
1712703663376 74.0 27800
1712703664320 75.0 27984
1712703665707 76.0 28584
1712703665840 76.0 28648
1712703667658 78.0 29296
1712703668505 79.0 29568
1712703670018 80.0 30072
1712703670302 80.0 30176
1712703671019 81.0 30216
1712703672067 82.0 30560
1712703672865 83.0 30736
1712703673724 84.0 31008
1712703675281 86.0 31600
1712703676816 87.0 32200
1712703676940 87.0 32208
1712703679106 89.0 32880
1712703679963 90.0 33240
1712703680097 90.0 33264
1712703682939 93.0 34096
1712703683684 94.0 34408
1712703683820 94.0 34480
1712703687569 98.0 35912
1712703687704 98.0 35976
1712703688783 99.0 36384
1712703688931 99.0 36528
1712703690032 100.0 37032
1712703690753 101.0 37152
1712703692751 103.0 38120
1712703693471 104.0 38280
1712703694833 105.0 38776
1712703694973 105.0 38872
1712703696252 107.0 39176
1712703696988 107.0 39480
1712703697142 107.0 39600
1712703697222 108.0 39624
1712703699158 109.0 40368
1712703699295 110.0 40416
1712703700032 110.0 40528
1712703700162 110.0 40568
1712703700954 111.0 40816
1712703701781 112.0 41032
1712703704787 115.0 42152
1712703705590 116.0 42304
1712703705757 116.0 42448
1712703707244 118.0 42888
1712703708805 119.0 43392
1712703709650 120.0 43632
1712703710480 121.0 43936
1712703710624 121.0 44008
1712703711404 122.0 44152
1712703712969 123.0 44800
1712703714491 125.0 45192
1712703716031 126.0 45672
1712703716864 127.0 45920
1712703717710 128.0 46256
1712703719985 130.0 47104
1712703720794 131.0 47192
1712703721596 132.0 47368
1712703723119 133.0 47904
1712703723272 134.0 48016
1712703724055 134.0 48240
1712703725531 136.0 48664
1712703725666 136.0 48704
1712703725763 136.0 48784
1712703726478 137.0 49048
1712703727686 138.0 49496
1712703728445 139.0 49776
1712703728576 139.0 49816
1712703735589 146.0 50328
1712703736945 147.0 50440
1712703738375 149.0 51200
1712703739138 149.0 51360
1712703739271 150.0 51408
1712703740605 151.0 51888
1712703741982 152.0 52408
1712703742721 153.0 52632
1712703744706 155.0 53352
1712703744833 155.0 53360
1712703744914 155.0 53384
1712703745581 156.0 53528
1712703748807 159.0 54872
1712703748958 159.0 55000
1712703749035 159.0 55000
1712703750909 161.0 55608
1712703751047 161.0 55672
1712703751132 161.0 55744
1712703751839 162.0 56032
1712703753835 164.0 56816
1712703754573 165.0 57040
1712703756395 166.0 57392
1712703756537 167.0 57512
1712703758434 169.0 58144
1712703758595 169.0 58288
1712703759715 170.0 58768
1712703760374 171.0 59096
1712703760972 171.0 59144
1712703763145 173.0 60216
1712703763298 174.0 60408
1712703763965 174.0 60504
1712703764114 174.0 60624
1712703765384 176.0 61024
1712703766736 177.0 61472
1712703766870 177.0 61536
1712703767549 178.0 61712
1712703767690 178.0 61824
1712703769013 179.0 62288
1712703769803 180.0 62696
1712703770906 181.0 63016
1712703771556 182.0 63376
1712703771686 182.0 63432
1712703774182 185.0 64352
1712703774327 185.0 64432
1712703775013 185.0 64616
1712703775148 185.0 64656
1712703775828 186.0 64808
1712703779687 190.0 66528
1712703780419 191.0 66736
1712703781130 191.0 66912
1712703781265 192.0 66952
1712703781948 192.0 67208
1712703782089 192.0 67312
1712703782746 193.0 67368
1712703784085 194.0 67912
1712703785593 196.0 68424
1712703787791 198.0 69128
1712703789181 200.0 69744
1712703789955 200.0 70136
1712703790671 201.0 70232
1712703790819 201.0 70352
1712703790897 201.0 70368
1712703795264 206.0 72160
1712703795988 206.0 72240
1712703796811 207.0 72544
1712703798988 209.0 73312
1712703804111 214.0 75112
1712703804237 215.0 75120
1712703804350 215.0 75256
1712703805084 215.0 75296
1712703809512 220.0 76872
1712703811778 222.0 77736
1712703813179 223.0 78224
1712703813307 224.0 78248
1712703814593 225.0 78696
1712703815967 226.0 79320
1712703816693 227.0 79504
1712703819265 230.0 80560
1712703820001 230.0 80800
1712703820728 231.0 81016
1712703822654 233.0 81792
1712703825187 236.0 82784
1712703826622 237.0 83344
1712703827346 238.0 83616
1712703828695 239.0 84160
1712703829605 240.0 84352
1712703830866 241.0 84960
1712703833133 243.0 85728
1712703834685 245.0 86216
1712703835504 246.0 86352
1712703839152 249.0 87672
1712703839304 250.0 87768
1712703842874 253.0 88952
1712703843713 254.0 89216
1712703845261 256.0 89688
1712703845399 256.0 89776
1712703846188 257.0 90080
1712703846959 257.0 90136
1712703847089 257.0 90160
1712703848551 259.0 90680
1712703848710 259.0 90816
1712703849442 260.0 91064
1712703856316 267.0 93520
1712703857856 268.0 94128
1712703859370 270.0 94592
1712703860206 271.0 94952
1712703861517 272.0 95032
1712703862269 273.0 95240
1712703862414 273.0 95344
1712703863142 273.0 95712
1712703863874 274.0 95880
1712703864651 275.0 96216
1712703865398 276.0 96408
1712703865531 276.0 96440
1712703866219 277.0 96600
1712703866354 277.0 96664
1712703868301 279.0 97520
1712703869012 279.0 97584
1712703869153 279.0 97680
1712703869235 280.0 97728
1712703870535 281.0 98160
1712703870678 281.0 98280
1712703871228 282.0 98336
1712703871860 282.0 98576
1712703872006 282.0 98712
1712703872623 283.0 98912
1712703873985 284.0 99424
1712703874739 285.0 99760
1712703874882 285.0 99840
1712703875541 286.0 99880
1712703875684 286.0 99960
1712703875766 286.0 99984
1712703878490 289.0 100408
1712703879985 290.0 100920
1712703880157 290.0 101104
1712703880907 291.0 101136
1712703882454 293.0 101712
1712703883298 294.0 102080
1712703884112 294.0 102160
1712703884965 295.0 102504
1712703885818 296.0 102784
1712703886621 297.0 102920
1712703886782 297.0 103056
1712703887524 298.0 103208
1712703888886 299.0 103704
1712703889165 299.0 103808
1712703889930 300.0 104096
1712703891498 302.0 104528
1712703893007 303.0 105032
1712703893159 303.0 105176
1712703893904 304.0 105232
1712703895448 306.0 105736
1712703896979 307.0 106304
1712703897119 307.0 106344
1712703898639 309.0 106912
1712703900000 310.0 107360
1712703900147 310.0 107480
1712703900807 311.0 107608
1712703902181 313.0 108248
1712703902935 313.0 108376
1712703904490 315.0 108880
1712703905315 316.0 109128
1712703905456 316.0 109224
1712703906207 317.0 109384
1712703906342 317.0 109432
1712703906452 317.0 109560
1712703907211 318.0 109752
1712703908697 319.0 110104
1712703910960 321.0 110880
1712703911114 321.0 110992
1712703911198 322.0 111024
1712703911279 322.0 111048
1712703912066 322.0 111240
1712703913616 324.0 111760
1712703915096 325.0 112200
1712703917328 328.0 113000
1712703917455 328.0 113000
1712703921074 331.0 114256
1712703921204 332.0 114272
1712703921301 332.0 114352
1712703922048 332.0 114456
1712703923555 334.0 114952
1712703923694 334.0 115008
1712703923777 334.0 115032
1712703923855 334.0 115040
1712703925354 336.0 115592
1712703925493 336.0 115632
1712703926258 337.0 115800
1712703926396 337.0 115848
1712703927824 338.0 116248
1712703927966 338.0 116296
1712703928659 339.0 116552
1712703929413 340.0 116976
1712703930160 340.0 117088
1712703930321 341.0 117216
1712703931057 341.0 117432
1712703931668 342.0 117576
1712703931810 342.0 117672
1712703931893 342.0 117728
1712703932610 343.0 117840
1712703933389 344.0 118224
1712703933521 344.0 118272
1712703934218 345.0 118392
1712703935558 346.0 118808
1712703936293 347.0 119072
1712703936486 347.0 119224
1712703937176 347.0 119456
1712703937308 348.0 119496
1712703937383 348.0 119512
1712703938656 349.0 119872
1712703938780 349.0 119872
1712703939364 350.0 120128
1712703940011 350.0 120464
1712703940140 350.0 120464
1712703940230 351.0 120568
1712703940807 351.0 120784
1712703941537 352.0 120848
1712703941671 352.0 120880
1712703941774 352.0 121056
1712703942455 353.0 121104
1712703942604 353.0 121192
1712703943424 354.0 121552
1712703943556 354.0 121576
1712703943638 354.0 121592
1712703944400 355.0 121728
1712703945196 356.0 121912
1712703946049 356.0 122192
1712703946189 357.0 122288
1712703946937 357.0 122392
1712703947065 357.0 122400
1712703947146 357.0 122416
1712703947928 358.0 122632
1712703948056 358.0 122640
1712703949003 359.0 122952
1712703949128 359.0 122952
1712703949207 360.0 122976
1712703949297 360.0 123056
1712703949372 360.0 123064
1712703949453 360.0 123096
1712703950129 360.0 123296
1712703950309 361.0 123392
1712703951100 361.0 123608
1712703951235 362.0 123624
1712703951987 362.0 123704
1712703952113 362.0 123704
1712703952196 363.0 123744
1712703952989 363.0 124024
1712703953122 363.0 124048
1712703953901 364.0 124272
1712703954031 364.0 124280
1712703954125 364.0 124344
1712703954200 365.0 124344
1712703954965 365.0 124464
1712703955824 366.0 124768
1712703955970 366.0 124848
1712703956057 366.0 124880
1712703956143 366.0 124920
1712703956868 367.0 124992
1712703957026 367.0 125112
1712703957111 367.0 125176
1712703958555 369.0 125496
1712703958683 369.0 125504
1712703958782 369.0 125552
1712703958867 369.0 125608
1712703958948 369.0 125632
1712703959633 370.0 125712
1712703959764 370.0 125728
1712703959860 370.0 125840
1712703960640 371.0 126104
1712703960776 371.0 126128
1712703960852 371.0 126136
1712703961616 372.0 126224
1712703961751 372.0 126248
1712703961854 372.0 126352
1712703961935 372.0 126376
1712703962689 373.0 126496
1712703962868 373.0 126696
1712703963602 374.0 126752
1712703963737 374.0 126792
1712703963847 374.0 126896
1712703963937 374.0 126944
1712703964687 375.0 126992
1712703964821 375.0 127024
1712703964913 375.0 127080
1712703965695 376.0 127312
1712703965843 376.0 127464
1712703965922 376.0 127472
1712703966672 377.0 127496
1712703966818 377.0 127600
1712703966905 377.0 127640
1712703966986 377.0 127688
1712703967063 377.0 127696
1712703967767 378.0 127936
1712703968471 379.0 128048
1712703968611 379.0 128088
1712703968688 379.0 128104
1712703968776 379.0 128184
1712703969416 380.0 128272
1712703969546 380.0 128288
1712703969626 380.0 128312
1712703969739 380.0 128504
1712703970416 381.0 128680
1712703970554 381.0 128744
1712703970630 381.0 128752
1712703971184 382.0 128824
1712703971316 382.0 128864
1712703971402 382.0 128896
1712703971482 382.0 128912
1712703972162 382.0 129112
1712703972315 383.0 129272
1712703972958 383.0 129328
1712703973084 383.0 129336
1712703973176 383.0 129392
1712703973256 384.0 129432
1712703973341 384.0 129488
1712703973422 384.0 129512
1712703974095 384.0 129704
1712703974833 385.0 129872
1712703974984 385.0 129984
1712703975059 385.0 129984
1712703975135 385.0 129992
1712703975802 386.0 130056
1712703975932 386.0 130088
1712703976005 386.0 130096
1712703976110 386.0 130264
1712703976795 387.0 130432
1712703976941 387.0 130552
1712703977593 388.0 130576
1712703977723 388.0 130592
1712703977806 388.0 130640
1712703977889 388.0 130688
1712703977965 388.0 130704
1712703978640 389.0 130848
1712703978788 389.0 131000
1712703979459 390.0 131120
1712703979588 390.0 131136
1712703979667 390.0 131152
1712703979757 390.0 131208
1712703979841 390.0 131248
1712703979922 390.0 131280
1712703980590 391.0 131432
1712703981519 392.0 131584
1712703982198 393.0 131688
1712703982329 393.0 131728
1712703982405 393.0 131728
1712703982492 393.0 131768
1712703982580 393.0 131832
1712703983233 394.0 131848
1712703983381 394.0 132008
1712703984052 394.0 132144
1712703984193 395.0 132248
1712703984280 395.0 132288
1712703984360 395.0 132304
1712703984441 395.0 132336
1712703985099 395.0 132400
1712703985231 396.0 132424
1712703985342 396.0 132576
1712703986000 396.0 132704
1712703986139 396.0 132800
1712703986219 397.0 132832
1712703986305 397.0 132864
1712703986851 397.0 132888
1712703986988 397.0 132968
1712703987066 397.0 132984
1712703987631 398.0 133128
1712703987780 398.0 133288
1712703987870 398.0 133376
1712703988417 399.0 133400
1712703988547 399.0 133408
1712703988627 399.0 133432
1712703988715 399.0 133504
1712703988795 399.0 133528
1712703989490 400.0 133688
1712703989638 400.0 133840
1712703990317 401.0 133944
1712703990450 401.0 133952
1712703990533 401.0 133976
1712703990638 401.0 134064
1712703990731 401.0 134112
1712703991468 402.0 134152
1712703991615 402.0 134224
1712703991732 402.0 134384
1712703992493 403.0 134520
1712703992623 403.0 134528
1712703992716 403.0 134600
1712703992802 403.0 134640
1712703993535 404.0 134712
1712703993670 404.0 134768
1712703994441 405.0 134928
1712703994575 405.0 134960
1712703994681 405.0 135072
1712703994778 405.0 135160
1712703995521 406.0 135200
1712703995666 406.0 135296
1712703995747 406.0 135328
1712703996506 407.0 135464
1712703996652 407.0 135520
1712703996744 407.0 135616
1712703997493 408.0 135728
1712703997644 408.0 135816
1712703997735 408.0 135872
1712703997812 408.0 135880
1712703998566 409.0 136008
1712703998729 409.0 136152
1712703999478 410.0 136216
1712703999617 410.0 136264
1712703999701 410.0 136288
1712703999806 410.0 136416
1712704000552 411.0 136464
1712704000697 411.0 136536
1712704000791 411.0 136608
1712704002251 413.0 136968
1712704002393 413.0 137016
1712704003177 413.0 137224
1712704003312 414.0 137264
1712704003395 414.0 137312
1712704003484 414.0 137368
1712704003588 414.0 137472
1712704004327 415.0 137536
1712704004501 415.0 137720
1712704005249 416.0 137776
1712704005393 416.0 137848
1712704005495 416.0 137944
1712704006261 417.0 138056
1712704007098 417.0 138264
1712704007264 418.0 138400
1712704007351 418.0 138448
1712704007434 418.0 138480
1712704007512 418.0 138488
1712704008260 419.0 138576
1712704008406 419.0 138688
1712704009071 419.0 138800
1712704009818 420.0 139016
1712704009946 420.0 139024
1712704010029 420.0 139072
1712704010129 420.0 139224
1712704010205 421.0 139232
1712704010951 421.0 139336
1712704011120 421.0 139496
1712704011879 422.0 139544
1712704012017 422.0 139568
1712704012099 422.0 139568
1712704012188 423.0 139616
1712704012967 423.0 139800
1712704013096 423.0 139824
1712704013181 424.0 139872
1712704013293 424.0 140032
1712704014032 424.0 140080
1712704014166 424.0 140112
1712704014246 425.0 140128
1712704014448 425.0 140240
1712704015014 425.0 140360
1712704015137 425.0 140360
1712704015223 426.0 140432
1712704015799 426.0 140648
1712704015925 426.0 140672
1712704016017 426.0 140776
1712704016570 427.0 140808
1712704016708 427.0 140896
1712704016809 427.0 141048
1712704017456 428.0 141080
1712704017609 428.0 141184
1712704017690 428.0 141216
1712704018362 429.0 141336
1712704018490 429.0 141352
1712704018570 429.0 141400
1712704018666 429.0 141520
1712704019263 430.0 141600
1712704019400 430.0 141664
1712704019489 430.0 141744
1712704019565 430.0 141760
1712704020253 431.0 141880
1712704020380 431.0 141888
1712704020469 431.0 141976
1712704021153 431.0 142136
1712704021287 432.0 142200
1712704021376 432.0 142288
1712704021460 432.0 142312
1712704022132 432.0 142440
1712704022271 433.0 142496
1712704022350 433.0 142504
1712704022428 433.0 142520
1712704023124 433.0 142704
1712704023259 434.0 142760
1712704023345 434.0 142824
1712704024030 434.0 142976
1712704024170 434.0 143040
1712704024251 435.0 143056
1712704024331 435.0 143096
1712704024894 435.0 143248
1712704025031 435.0 143328
1712704025591 436.0 143384
1712704025718 436.0 143384
1712704025817 436.0 143544
1712704025906 436.0 143592
1712704025985 436.0 143616
1712704026668 437.0 143632
1712704026835 437.0 143792
1712704026931 437.0 143864
1712704027668 438.0 143920
1712704027801 438.0 143928
1712704027921 438.0 144096
1712704028631 439.0 144136
1712704028768 439.0 144176
1712704028840 439.0 144176
1712704028960 439.0 144328
1712704029652 440.0 144400
1712704029804 440.0 144504
1712704029882 440.0 144512
1712704029990 440.0 144640
1712704030739 441.0 144704
1712704030866 441.0 144712
1712704030971 441.0 144824
1712704031061 441.0 144872
1712704031789 442.0 144936
1712704031946 442.0 145048
1712704032032 442.0 145088
1712704032796 443.0 145192
1712704032935 443.0 145264
1712704033020 443.0 145296
1712704033793 444.0 145432
1712704033917 444.0 145440
1712704034004 444.0 145496
1712704034109 444.0 145608
1712704034189 445.0 145624
1712704034965 445.0 145752
1712704035125 445.0 145888
1712704035210 446.0 145912
1712704035958 446.0 145984
1712704036088 446.0 145992
1712704036179 447.0 146048
1712704036282 447.0 146152
1712704037002 447.0 146200
1712704037167 447.0 146344
1712704037837 448.0 146448
1712704037984 448.0 146584
1712704038062 448.0 146592
1712704038145 448.0 146632
1712704038825 449.0 146736
1712704038962 449.0 146784
1712704039650 450.0 147000
1712704039786 450.0 147072
1712704039868 450.0 147104
1712704039945 450.0 147136
1712704040030 450.0 147192
1712704040106 450.0 147192
1712704040781 451.0 147336
1712704041440 452.0 147384
1712704042190 453.0 147608
1712704042329 453.0 147632
1712704042415 453.0 147648
1712704043180 454.0 147760
1712704043341 454.0 147888
1712704043424 454.0 147920
1712704043502 454.0 147928
1712704044234 455.0 148008
1712704044404 455.0 148192
1712704044481 455.0 148208
1712704045211 456.0 148240
1712704045371 456.0 148440
1712704045456 456.0 148472
1712704046187 457.0 148496
1712704046315 457.0 148504
1712704046421 457.0 148616
1712704047179 457.0 148808
1712704047307 458.0 148816
1712704047399 458.0 148872
1712704048160 458.0 149008
1712704048297 459.0 149072
1712704048385 459.0 149112
1712704048473 459.0 149152
1712704048565 459.0 149192
1712704049338 460.0 149472
1712704049469 460.0 149504
1712704050144 460.0 149584
1712704050292 461.0 149664
1712704050387 461.0 149728
1712704050468 461.0 149752
1712704051123 461.0 149776
1712704052329 463.0 150048
1712704052495 463.0 150096
1712704052587 463.0 150152
1712704052666 463.0 150168
1712704053380 464.0 150296
1712704053517 464.0 150344
1712704053593 464.0 150344
1712704053674 464.0 150392
1712704054367 465.0 150608
1712704054515 465.0 150720
1712704055149 465.0 150816
1712704055285 466.0 150888
1712704055368 466.0 150928
1712704055450 466.0 150968
1712704055526 466.0 150976
1712704056117 466.0 151240
1712704056723 467.0 151328
1712704056860 467.0 151400
1712704056944 467.0 151464
1712704057028 467.0 151520
1712704057686 468.0 151576
1712704057818 468.0 151616
1712704057898 468.0 151624
1712704058677 469.0 151856
1712704058812 469.0 151912
1712704059497 470.0 152168
1712704059625 470.0 152176
1712704059707 470.0 152200
1712704059785 470.0 152224
1712704059868 470.0 152264
1712704059943 470.0 152272
1712704060520 471.0 152480
1712704060653 471.0 152560
1712704061237 472.0 152768
1712704061370 472.0 152792
1712704061447 472.0 152800
1712704061525 472.0 152832
1712704062194 473.0 152872
1712704062368 473.0 153040
1712704063106 473.0 153104
1712704063250 474.0 153176
1712704064041 474.0 153432
1712704064175 474.0 153456
1712704064249 475.0 153456
1712704064325 475.0 153464
1712704064407 475.0 153504
1712704065001 475.0 153800
1712704065625 476.0 153944
1712704065757 476.0 154000
1712704065842 476.0 154048
1712704065933 476.0 154104
1712704066600 477.0 154128
1712704066725 477.0 154128
1712704066806 477.0 154176
1712704067490 478.0 154400
1712704067646 478.0 154608
1712704068245 479.0 154680
1712704068376 479.0 154712
1712704068481 479.0 154816
1712704068565 479.0 154840
1712704068642 479.0 154856
1712704069313 480.0 155008
1712704070045 480.0 155272
1712704070196 481.0 155352
1712704070273 481.0 155360
1712704070992 481.0 155400
1712704071155 481.0 155536
1712704071231 482.0 155536
1712704071315 482.0 155568
1712704071410 482.0 155632
1712704073134 483.0 156016
1712704073279 484.0 156016
1712704073366 484.0 156024
1712704073458 484.0 156056
1712704074153 484.0 156184
1712704074284 485.0 156208
1712704074359 485.0 156216
1712704074448 485.0 156296
1712704075157 485.0 156664
1712704075876 486.0 156688
1712704075998 486.0 156688
1712704076085 486.0 156728
1712704076172 486.0 156792
1712704076251 487.0 156832
1712704076333 487.0 156880
1712704076416 487.0 156904
1712704077881 488.0 157304
1712704078027 488.0 157360
1712704078763 489.0 157456
1712704078899 489.0 157480
1712704078972 489.0 157488
1712704079051 489.0 157496
1712704079127 489.0 157496
1712704079212 490.0 157544
1712704080684 491.0 157960
1712704080817 491.0 157992
1712704080927 491.0 158120
1712704081002 491.0 158120
1712704081080 491.0 158128
1712704081150 491.0 158128
1712704081241 492.0 158176
1712704081317 492.0 158176
1712704082780 493.0 158704
1712704083564 494.0 158728
1712704083699 494.0 158768
1712704083786 494.0 158808
1712704083870 494.0 158840
1712704083943 494.0 158840
1712704084027 494.0 158872
1712704084116 494.0 158928
1712704085580 496.0 159384
1712704085714 496.0 159416
1712704085802 496.0 159480
1712704086529 497.0 159504
1712704086659 497.0 159520
1712704086751 497.0 159600
1712704086834 497.0 159648
1712704086914 497.0 159688
1712704088390 499.0 160064
1712704088529 499.0 160104
1712704088620 499.0 160160
1712704088710 499.0 160176
1712704088793 499.0 160184
1712704089524 500.0 160280
1712704089671 500.0 160368
1712704089750 500.0 160376
1712704090552 501.0 160744
1712704091299 502.0 160784
1712704091440 502.0 160840
1712704091534 502.0 160912
1712704091618 502.0 160944
1712704092387 503.0 161056
1712704092518 503.0 161072
1712704092632 503.0 161224
1712704093445 504.0 161504
1712704094248 505.0 161544
1712704094387 505.0 161584
1712704094476 505.0 161632
1712704094567 505.0 161696
1712704094651 505.0 161760
1712704095396 506.0 161840
1712704095535 506.0 161912
1712704096335 507.0 162200
1712704096473 507.0 162232
1712704096559 507.0 162296
1712704097305 508.0 162320
1712704097459 508.0 162416
1712704097556 508.0 162504
1712704097630 508.0 162512
1712704098385 509.0 162632
1712704099222 510.0 162904
1712704099350 510.0 162920
1712704099448 510.0 163008
1712704100200 511.0 163128
1712704100328 511.0 163144
1712704100419 511.0 163208
1712704100497 511.0 163216
1712704101261 512.0 163368
1712704102075 512.0 163616
1712704102213 513.0 163648
1712704102305 513.0 163720
1712704102405 513.0 163832
1712704103140 513.0 163864
1712704103286 514.0 163936
1712704103367 514.0 163960
1712704103462 514.0 164080
1712704104234 515.0 164312
1712704104362 515.0 164320
1712704105107 515.0 164432
1712704105266 516.0 164544
1712704105345 516.0 164560
1712704106093 516.0 164624
1712704106240 517.0 164744
1712704106317 517.0 164760
1712704107121 517.0 165040
1712704107247 518.0 165048
1712704108009 518.0 165152
1712704108147 518.0 165208
1712704108230 519.0 165240
1712704108359 519.0 165360
1712704108996 519.0 165424
1712704109127 519.0 165448
1712704109910 520.0 165744
1712704110043 520.0 165760
1712704110133 520.0 165824
1712704110879 521.0 165928
1712704111006 521.0 165936
1712704111108 521.0 166048
1712704111206 522.0 166136
1712704111955 522.0 166200
1712704112771 523.0 166424
1712704112900 523.0 166440
1712704113015 523.0 166592
1712704113095 523.0 166608
1712704113835 524.0 166672
1712704114001 524.0 166832
1712704114083 524.0 166864
1712704114230 524.0 166872
1712704115012 525.0 167088
1712704115141 525.0 167096
1712704115919 526.0 167240
1712704116053 526.0 167272
1712704116143 526.0 167328
1712704116898 527.0 167488
1712704117035 527.0 167528
1712704117112 527.0 167536
1712704117876 528.0 167752
1712704118003 528.0 167760
1712704118101 528.0 167904
1712704118829 529.0 167952
1712704118970 529.0 168016
1712704119090 529.0 168184
1712704119170 529.0 168192
1712704119921 530.0 168232
1712704120076 530.0 168440
1712704120745 531.0 168456
1712704120896 531.0 168616
1712704120974 531.0 168632
1712704121067 531.0 168688
1712704121737 532.0 168840
1712704121872 532.0 168888
1712704122542 533.0 168984
1712704122692 533.0 169088
1712704122775 533.0 169128
1712704123430 534.0 169272
1712704123567 534.0 169320
1712704123651 534.0 169360
1712704124302 535.0 169512
1712704124437 535.0 169568
1712704124538 535.0 169664
1712704125249 536.0 169760
1712704125386 536.0 169792
1712704125485 536.0 169928
1712704126230 537.0 170024
1712704126357 537.0 170032
1712704126454 537.0 170176
1712704126537 537.0 170232
1712704127098 537.0 170336
1712704127234 538.0 170416
1712704127318 538.0 170472
1712704128002 538.0 170608
1712704128140 538.0 170656
1712704128217 539.0 170672
1712704128886 539.0 170848
1712704129020 539.0 170912
1712704129111 539.0 171008
1712704129768 540.0 171088
1712704129899 540.0 171112
1712704129999 540.0 171264
1712704130650 541.0 171344
1712704130780 541.0 171360
1712704130876 541.0 171520
1712704131539 542.0 171600
1712704131675 542.0 171696
1712704131762 542.0 171744
1712704132419 543.0 171800
1712704132565 543.0 171944
1712704133260 544.0 172040
1712704133394 544.0 172040
1712704133511 544.0 172184
1712704133614 544.0 172280
1712704134282 545.0 172368
1712704134411 545.0 172408
1712704134492 545.0 172440
1712704135170 545.0 172640
1712704135306 546.0 172720
1712704135384 546.0 172720
1712704136070 546.0 172848
1712704136211 547.0 172952
1712704136950 547.0 173072
1712704137075 547.0 173072
1712704137156 547.0 173088
1712704137276 548.0 173272
1712704138009 548.0 173360
1712704138136 548.0 173368
1712704138249 549.0 173512
1712704138995 549.0 173616
1712704139138 549.0 173736
1712704139217 550.0 173744
1712704139294 550.0 173752
1712704140061 550.0 173944
1712704140203 551.0 174008
1712704140290 551.0 174048
1712704141045 551.0 174168
1712704141185 552.0 174272
1712704141956 552.0 174400
1712704142081 552.0 174400
1712704142157 552.0 174400
1712704142910 553.0 174608
1712704143042 553.0 174664
1712704143121 553.0 174688
1712704143229 554.0 174808
1712704143986 554.0 174920
1712704144147 554.0 175048
1712704144219 555.0 175048
1712704144957 555.0 175112
1712704145126 555.0 175272
1712704145228 556.0 175328
1712704145307 556.0 175336
1712704145959 556.0 175448
1712704146098 556.0 175552
1712704146766 557.0 175688
1712704146893 557.0 175712
1712704146975 557.0 175776
1712704147656 558.0 175928
1712704147787 558.0 175968
1712704147870 558.0 176000
1712704147954 558.0 176064
1712704148641 559.0 176224
1712704148786 559.0 176360
1712704148864 559.0 176384
1712704149501 560.0 176440
1712704149646 560.0 176584
1712704149733 560.0 176624
1712704149805 560.0 176632
1712704150514 561.0 176712
1712704151235 562.0 176888
1712704151945 562.0 177000
1712704152077 562.0 177024
1712704152174 562.0 177112
1712704152923 563.0 177224
1712704153051 563.0 177248
1712704153132 563.0 177272
1712704153234 564.0 177368
1712704153987 564.0 177576
1712704154762 565.0 177672
1712704154893 565.0 177704
1712704154976 565.0 177752
1712704155088 565.0 177896
1712704155167 565.0 177904
1712704155881 566.0 177928
1712704156051 566.0 178048
1712704156835 567.0 178224
1712704156986 567.0 178328
1712704157073 567.0 178360
1712704157816 568.0 178456
1712704157967 568.0 178552
1712704158043 568.0 178560
1712704158122 568.0 178560
1712704158230 569.0 178688
1712704158993 569.0 178880
1712704159794 570.0 178992
1712704159929 570.0 179016
1712704160021 570.0 179088
1712704160125 570.0 179200
1712704160207 571.0 179200
1712704160934 571.0 179232
1712704161083 571.0 179328
1712704161849 572.0 179504
1712704162016 572.0 179648
1712704162100 572.0 179672
1712704162848 573.0 179752
1712704162999 573.0 179840
1712704163078 573.0 179848
1712704163158 573.0 179872
1712704163856 574.0 179984
1712704164015 574.0 180128
1712704165006 575.0 180304
1712704165209 576.0 180312
1712704165341 576.0 180368
1712704166168 576.0 180496
1712704166330 577.0 180528
1712704166435 577.0 180560
1712704166539 577.0 180632
1712704167292 578.0 180784
1712704167481 578.0 180960
1712704167571 578.0 180960
1712704168276 579.0 181016
1712704168454 579.0 181144
1712704168555 579.0 181176
1712704168645 579.0 181184
1712704169378 580.0 181304
1712704169552 580.0 181432
1712704170239 581.0 181616
1712704170386 581.0 181648
1712704170472 581.0 181664
1712704171240 582.0 181808
1712704171389 582.0 181832
1712704171489 582.0 181848
1712704172295 583.0 182040
1712704172457 583.0 182080
1712704172589 583.0 182256
1712704172683 583.0 182264
1712704173790 584.0 182304
1712704174022 584.0 182432
1712704174140 584.0 182512
1712704174827 585.0 182544
1712704175012 585.0 182704
1712704175115 585.0 182704
1712704175922 586.0 182896
1712704176075 586.0 182920
1712704176176 586.0 182952
1712704176909 587.0 183088
1712704177066 587.0 183136
1712704177161 587.0 183192
1712704177982 588.0 183336
1712704178141 588.0 183384
1712704178264 589.0 183528
1712704178960 589.0 183576
1712704179114 589.0 183600
1712704179241 590.0 183736
1712704179968 590.0 183816
1712704180127 590.0 183840
1712704180257 591.0 184000
1712704180357 591.0 184024
1712704181046 591.0 184168
1712704181201 592.0 184224
1712704181289 592.0 184232
1712704182013 592.0 184360
1712704182271 593.0 184512
1712704182366 593.0 184552
1712704183056 593.0 184648
1712704183206 594.0 184680
1712704183922 594.0 184840
1712704184104 594.0 184880
1712704184223 595.0 184896
1712704184335 595.0 185016
1712704185116 595.0 185168
1712704185276 596.0 185224
1712704185376 596.0 185304
1712704185472 596.0 185344
1712704186339 596.0 185488
1712704186488 597.0 185520
1712704186584 597.0 185544
1712704187276 598.0 185656
1712704187450 598.0 185832
1712704188121 598.0 185864
1712704188294 599.0 185976
1712704188396 599.0 185984
1712704189177 599.0 186152
1712704189325 600.0 186168
1712704189423 600.0 186208
1712704189528 600.0 186272
1712704190208 601.0 186464
1712704190344 601.0 186480
1712704190449 601.0 186600
1712704190531 601.0 186600
1712704191167 601.0 186816
1712704191308 602.0 186824
1712704191392 602.0 186856
1712704192020 602.0 186920
1712704192190 603.0 187096
1712704192281 603.0 187120
1712704192968 603.0 187256
1712704193106 603.0 187264
1712704193817 604.0 187488
1712704193958 604.0 187496
1712704194047 604.0 187496
1712704194145 604.0 187568
1712704194799 605.0 187768
1712704194939 605.0 187800
1712704195034 605.0 187896
1712704195687 606.0 187944
1712704195845 606.0 188088
1712704195932 606.0 188128
1712704196570 607.0 188184
1712704196707 607.0 188200
1712704196825 607.0 188416
1712704197478 608.0 188456
1712704197631 608.0 188552
1712704197722 608.0 188600
1712704199496 609.0 188736
1712704199638 610.0 188768
1712704199769 610.0 188816
1712704199859 610.0 188848
1712704200543 611.0 189048
1712704200686 611.0 189112
1712704201315 612.0 189208
1712704201460 612.0 189272
1712704201559 612.0 189392
1712704202170 612.0 189448
1712704202308 613.0 189456
1712704202774 613.0 189488
1712704202888 613.0 189680
1712704203563 614.0 189760
1712704203717 614.0 189880
1712704204400 615.0 189936
1712704205079 615.0 190064
1712704205220 616.0 190104
1712704205532 616.0 190128
1712704205612 616.0 190144
1712704206651 617.0 190336
1712704206785 617.0 190384
1712704207501 618.0 190520
1712704207637 618.0 190568
1712704208383 619.0 190752
1712704208519 619.0 190760
1712704208610 619.0 190792
1712704208689 619.0 190792
1712704209392 620.0 190984
1712704209550 620.0 191096
1712704209642 620.0 191168
1712704210366 621.0 191288
1712704210529 621.0 191400
1712704210724 621.0 191416
1712704210809 621.0 191432
1712704210892 621.0 191456
1712704211548 622.0 191616
1712704211703 622.0 191744
1712704212356 623.0 191816
1712704212503 623.0 191920
1712704213189 624.0 192040
1712704213324 624.0 192048
1712704213400 624.0 192056
1712704213483 624.0 192096
1712704213599 624.0 192240
1712704214320 625.0 192464
1712704214454 625.0 192480
1712704215447 625.0 192712
1712704215577 626.0 192720
1712704215662 626.0 192752
1712704216367 627.0 192864
1712704217128 627.0 193096
1712704217258 628.0 193104
1712704217343 628.0 193120
1712704218055 628.0 193352
1712704218259 629.0 193360
1712704218339 629.0 193392
1712704218418 629.0 193392
1712704218512 629.0 193488
1712704219213 630.0 193696
1712704219352 630.0 193760
1712704219427 630.0 193784
1712704220013 630.0 194000
1712704220145 630.0 194040
1712704220221 631.0 194048
1712704220296 631.0 194048
1712704220866 631.0 194200
1712704221490 632.0 194344
1712704221625 632.0 194408
1712704221720 632.0 194496
1712704222414 633.0 194680
1712704222541 633.0 194688
1712704222619 633.0 194712
1712704222697 633.0 194720
1712704223376 634.0 194864
1712704223524 634.0 194992
1712704224209 635.0 195112
1712704224349 635.0 195120
1712704224465 635.0 195312
1712704225110 635.0 195336
1712704225240 636.0 195344
1712704225318 636.0 195360
1712704225432 636.0 195504
1712704226113 636.0 195664
1712704226274 637.0 195760
1712704226353 637.0 195760
1712704227042 637.0 195952
1712704227173 637.0 195984
1712704227260 638.0 196024
1712704227920 638.0 196120
1712704228079 638.0 196328
1712704228739 639.0 196392
1712704228867 639.0 196416
1712704228961 639.0 196528
1712704229046 639.0 196600
1712704229693 640.0 196640
1712704229826 640.0 196696
1712704229916 640.0 196792
1712704230486 641.0 196960
1712704230624 641.0 197048
1712704230700 641.0 197056
1712704231264 642.0 197176
1712704231402 642.0 197272
1712704231486 642.0 197312
1712704231565 642.0 197352
1712704232120 642.0 197416
1712704232274 643.0 197592
1712704232946 643.0 197680
1712704233079 643.0 197712
1712704233174 643.0 197808
1712704233880 644.0 197928
1712704234007 644.0 197944
1712704234099 644.0 198000
1712704234180 645.0 198056
1712704234765 645.0 198296
1712704234898 645.0 198344
1712704234973 645.0 198360
1712704235538 646.0 198448
1712704235682 646.0 198560
1712704235760 646.0 198592
1712704235838 646.0 198624
1712704236512 647.0 198728
1712704237262 648.0 198968
1712704237391 648.0 198976
1712704237464 648.0 198976
1712704237552 648.0 199064
1712704238236 649.0 199192
1712704238371 649.0 199248
1712704238444 649.0 199248
1712704238536 649.0 199352
1712704239113 649.0 199592
1712704239237 650.0 199600
1712704239315 650.0 199624
1712704239917 650.0 199704
1712704240067 650.0 199832
1712704240156 650.0 199880
1712704240234 651.0 199888
1712704241434 652.0 200080
1712704242171 652.0 200248
1712704242305 653.0 200264
1712704242379 653.0 200272
1712704242462 653.0 200328
1712704243215 654.0 200496
1712704243355 654.0 200544
1712704243455 654.0 200704
1712704244224 655.0 200896
1712704244352 655.0 200904
1712704244428 655.0 200904
1712704244503 655.0 200912
1712704245241 656.0 200968
1712704245387 656.0 201088
1712704245473 656.0 201120
1712704246244 657.0 201288
1712704246406 657.0 201432
1712704246491 657.0 201464
1712704247252 658.0 201520
1712704248121 658.0 201904
1712704248263 659.0 201968
1712704249714 660.0 202400
1712704250519 661.0 202520
1712704251368 662.0 202864
1712704261791 672.0 206824
1712704263738 674.0 207592
1712704267585 678.0 209080
1712704267720 678.0 209112
1712704268282 679.0 209280
1712704268912 679.0 209512
1712704271065 681.0 210512
1712704271712 682.0 210856
1712704279217 690.0 213576
1712704282871 693.0 214816
1712704284830 695.0 215584
1712704285621 696.0 215992
1712704287463 697.0 216504
1712704288817 699.0 217072
1712704289539 700.0 217104
1712704290415 701.0 217504
1712704293331 704.0 218504
1712704301061 711.0 221568
1712704306111 716.0 223576
1712704306868 717.0 223984
1712704308212 719.0 224496
1712704310151 720.0 225064
1712704310284 721.0 225096
1712704310999 721.0 225496
1712704313595 724.0 226496
1712704314974 725.0 227064
1712704316418 727.0 227472
1712704321082 731.0 229376
1712704327587 738.0 231568
1712704330412 741.0 232488
1712704330546 741.0 232544
1712704331858 742.0 233056
1712704331987 742.0 233088
1712704332785 743.0 233232
1712704335431 746.0 234488
1712704337961 748.0 235464
1712704342333 753.0 237112
1712704348084 758.0 239560
1712704350623 761.0 240480
1712704350756 761.0 240536
1712704351846 762.0 241048
1712704351976 762.0 241080
1712704352594 763.0 241224
1712704358278 769.0 243456
1712704363315 774.0 245104
1712704367653 778.0 246664
1712704369940 780.0 247552
1712704372223 783.0 248296
1712704372998 783.0 248336
1712704373131 783.0 248368
1712704373233 784.0 248472
1712704373323 784.0 248528
1712704374039 784.0 248600
1712704374170 784.0 248632
1712704374241 785.0 248632
1712704375537 786.0 249136
1712704375674 786.0 249216
1712704375752 786.0 249232
1712704375842 786.0 249336
1712704376443 787.0 249424
1712704376584 787.0 249504
1712704376658 787.0 249528
1712704376736 787.0 249544
1712704378751 789.0 250040
