1712703606859 7992.0 7992
1712703606991 7992.0 7992
1712703607065 7992.0 7992
1712703607148 7992.0 7992
1712703607223 7992.0 7992
1712703607298 7992.0 7992
1712703607370 7992.0 7992
1712703607446 7992.0 7992
1712703621856 13328.0 13328
1712703624134 14272.0 14272
1712703624940 14464.0 14464
1712703628634 15872.0 15872
1712703629442 15984.0 15984
1712703629570 15984.0 15984
1712703629645 15984.0 15984
1712703629721 15984.0 15984
1712703632558 17000.0 17000
1712703633412 17392.0 17392
1712703641300 20104.0 20104
1712703642137 20288.0 20288
1712703642260 20288.0 20288
1712703643731 20984.0 20984
1712703645085 21280.0 21280
1712703645848 21648.0 21648
1712703647197 22104.0 22104
1712703647973 22456.0 22456
1712703648100 22456.0 22456
1712703648796 22768.0 22768
1712703651939 23864.0 23864
1712703652080 23960.0 23960
1712703652158 23976.0 23976
1712703652827 24144.0 24144
1712703653579 24352.0 24352
1712703654255 24640.0 24640
1712703654985 24896.0 24896
1712703655115 24928.0 24928
1712703656486 25528.0 25528
1712703658494 26168.0 26168
1712703658625 26192.0 26192
1712703658716 26304.0 26304
1712703660201 26712.0 26712
1712703661773 27232.0 27232
1712703661899 27232.0 27232
1712703663385 27800.0 27800
1712703664329 27984.0 27984
1712703665717 28584.0 28584
1712703665850 28648.0 28648
1712703667668 29296.0 29296
1712703668515 29568.0 29568
1712703670027 30072.0 30072
1712703670312 30176.0 30176
1712703671029 30216.0 30216
1712703672080 30560.0 30560
1712703672874 30736.0 30736
1712703673734 31008.0 31008
1712703675290 31600.0 31600
1712703676826 32200.0 32200
1712703676950 32208.0 32208
1712703679119 32880.0 32880
1712703679972 33240.0 33240
1712703680108 33264.0 33264
1712703682950 34096.0 34096
1712703683695 34408.0 34408
1712703683832 34480.0 34480
1712703687579 35912.0 35912
1712703687715 35976.0 35976
1712703688792 36384.0 36384
1712703688940 36528.0 36528
1712703690042 37032.0 37032
1712703690765 37152.0 37152
1712703692761 38120.0 38120
1712703693483 38280.0 38280
1712703694843 38776.0 38776
1712703694982 38872.0 38872
1712703696263 39176.0 39176
1712703696998 39480.0 39480
1712703697151 39600.0 39600
1712703697231 39624.0 39624
1712703699167 40368.0 40368
1712703699305 40416.0 40416
1712703700041 40528.0 40528
1712703700172 40568.0 40568
1712703700967 40816.0 40816
1712703701790 41032.0 41032
1712703704797 42152.0 42152
1712703705600 42304.0 42304
1712703705767 42448.0 42448
1712703707254 42888.0 42888
1712703708815 43392.0 43392
1712703709662 43632.0 43632
1712703710490 43936.0 43936
1712703710635 44008.0 44008
1712703711414 44152.0 44152
1712703712978 44800.0 44800
1712703714500 45192.0 45192
1712703716041 45672.0 45672
1712703716874 45920.0 45920
1712703717719 46256.0 46256
1712703719995 47104.0 47104
1712703720804 47192.0 47192
1712703721604 47368.0 47368
1712703723129 47904.0 47904
1712703723282 48016.0 48016
1712703724065 48240.0 48240
1712703725541 48664.0 48664
1712703725676 48704.0 48704
1712703725773 48784.0 48784
1712703726489 49048.0 49048
1712703727696 49496.0 49496
1712703728455 49776.0 49776
1712703728586 49816.0 49816
1712703734824 50000.0 50000
1712703736207 50328.0 50328
1712703736958 50440.0 50440
1712703738385 51200.0 51200
1712703739148 51360.0 51360
1712703739280 51408.0 51408
1712703740615 51888.0 51888
1712703741992 52408.0 52408
1712703742733 52632.0 52632
1712703744715 53352.0 53352
1712703744843 53360.0 53360
1712703744923 53384.0 53384
1712703745591 53528.0 53528
1712703748816 54872.0 54872
1712703748970 55000.0 55000
1712703749045 55000.0 55000
1712703750922 55608.0 55608
1712703751057 55672.0 55672
1712703751144 55744.0 55744
1712703751848 56032.0 56032
1712703753848 56816.0 56816
1712703754582 57040.0 57040
1712703756404 57392.0 57392
1712703756547 57512.0 57512
1712703758445 58144.0 58144
1712703758605 58288.0 58288
1712703759726 58768.0 58768
1712703760383 59096.0 59096
1712703760982 59144.0 59144
1712703763154 60216.0 60216
1712703763308 60408.0 60408
1712703763975 60504.0 60504
1712703764126 60624.0 60624
1712703765394 61024.0 61024
1712703766745 61472.0 61472
1712703766880 61536.0 61536
1712703767558 61712.0 61712
1712703767701 61824.0 61824
1712703769027 62288.0 62288
1712703769812 62696.0 62696
1712703770916 63016.0 63016
1712703771566 63376.0 63376
1712703771696 63432.0 63432
1712703774191 64352.0 64352
1712703774336 64432.0 64432
1712703775023 64616.0 64616
1712703775158 64656.0 64656
1712703775838 64808.0 64808
1712703779699 66528.0 66528
1712703780429 66736.0 66736
1712703781141 66912.0 66912
1712703781274 66952.0 66952
1712703781957 67208.0 67208
1712703782100 67312.0 67312
1712703782758 67368.0 67368
1712703784094 67912.0 67912
1712703785603 68424.0 68424
1712703787801 69128.0 69128
1712703789191 69744.0 69744
1712703789965 70136.0 70136
1712703790682 70232.0 70232
1712703790829 70352.0 70352
1712703790907 70368.0 70368
1712703795273 72160.0 72160
1712703795997 72240.0 72240
1712703796820 72544.0 72544
1712703798998 73312.0 73312
1712703804120 75112.0 75112
1712703804250 75120.0 75120
1712703804362 75256.0 75256
1712703805094 75296.0 75296
1712703809522 76872.0 76872
1712703811788 77736.0 77736
1712703813188 78224.0 78224
1712703813316 78248.0 78248
1712703814603 78696.0 78696
1712703815978 79320.0 79320
1712703816703 79504.0 79504
1712703819277 80560.0 80560
1712703820010 80800.0 80800
1712703820738 81016.0 81016
1712703822665 81792.0 81792
1712703825199 82784.0 82784
1712703826632 83344.0 83344
1712703827356 83616.0 83616
1712703828705 84160.0 84160
1712703829616 84352.0 84352
1712703830876 84960.0 84960
1712703833143 85728.0 85728
1712703834695 86216.0 86216
1712703835514 86352.0 86352
1712703839162 87672.0 87672
1712703839313 87768.0 87768
1712703842884 88952.0 88952
1712703843722 89216.0 89216
1712703845271 89688.0 89688
1712703845409 89776.0 89776
1712703846198 90080.0 90080
1712703846969 90136.0 90136
1712703847102 90160.0 90160
1712703848561 90680.0 90680
1712703848720 90816.0 90816
1712703849452 91064.0 91064
1712703856326 93520.0 93520
1712703857865 94128.0 94128
1712703859380 94592.0 94592
1712703860218 94952.0 94952
1712703861530 95032.0 95032
1712703862279 95240.0 95240
1712703862425 95344.0 95344
1712703863152 95712.0 95712
1712703863883 95880.0 95880
1712703864662 96216.0 96216
1712703865408 96408.0 96408
1712703865541 96440.0 96440
1712703866230 96600.0 96600
1712703866364 96664.0 96664
1712703868311 97520.0 97520
1712703869021 97584.0 97584
1712703869162 97680.0 97680
1712703869245 97728.0 97728
1712703870545 98160.0 98160
1712703870690 98280.0 98280
1712703871237 98336.0 98336
1712703871870 98576.0 98576
1712703872019 98712.0 98712
1712703872633 98912.0 98912
1712703873995 99424.0 99424
1712703874748 99760.0 99760
1712703874892 99840.0 99840
1712703875550 99880.0 99880
1712703875694 99960.0 99960
1712703875776 99984.0 99984
1712703877094 100000.0 100000
1712703878500 100408.0 100408
1712703879995 100920.0 100920
1712703880170 101104.0 101104
1712703880919 101136.0 101136
1712703882464 101712.0 101712
1712703883312 102080.0 102080
1712703884122 102160.0 102160
1712703884976 102504.0 102504
1712703885828 102784.0 102784
1712703886631 102920.0 102920
1712703886792 103056.0 103056
1712703887533 103208.0 103208
1712703888895 103704.0 103704
1712703889178 103808.0 103808
1712703889943 104096.0 104096
1712703891507 104528.0 104528
1712703893018 105032.0 105032
1712703893169 105176.0 105176
1712703893914 105232.0 105232
1712703895459 105736.0 105736
1712703896989 106304.0 106304
1712703897129 106344.0 106344
1712703898649 106912.0 106912
1712703900012 107360.0 107360
1712703900158 107480.0 107480
1712703900816 107608.0 107608
1712703902192 108248.0 108248
1712703902946 108376.0 108376
1712703904500 108880.0 108880
1712703905325 109128.0 109128
1712703905466 109224.0 109224
1712703906216 109384.0 109384
1712703906352 109432.0 109432
1712703906462 109560.0 109560
1712703907221 109752.0 109752
1712703908707 110104.0 110104
1712703910970 110880.0 110880
1712703911124 110992.0 110992
1712703911209 111024.0 111024
1712703911289 111048.0 111048
1712703912077 111240.0 111240
1712703913626 111760.0 111760
1712703915107 112200.0 112200
1712703917338 113000.0 113000
1712703917467 113000.0 113000
1712703921084 114256.0 114256
1712703921215 114272.0 114272
1712703921311 114352.0 114352
1712703922058 114456.0 114456
1712703923565 114952.0 114952
1712703923704 115008.0 115008
1712703923788 115032.0 115032
1712703923868 115040.0 115040
1712703925364 115592.0 115592
1712703925504 115632.0 115632
1712703926268 115800.0 115800
1712703926406 115848.0 115848
1712703927836 116248.0 116248
1712703927976 116296.0 116296
1712703928670 116552.0 116552
1712703929423 116976.0 116976
1712703930173 117088.0 117088
1712703930331 117216.0 117216
1712703931067 117432.0 117432
1712703931678 117576.0 117576
1712703931820 117672.0 117672
1712703931903 117728.0 117728
1712703932619 117840.0 117840
1712703933399 118224.0 118224
1712703933530 118272.0 118272
1712703934228 118392.0 118392
1712703935568 118808.0 118808
1712703936304 119072.0 119072
1712703936497 119224.0 119224
1712703937186 119456.0 119456
1712703937319 119496.0 119496
1712703937396 119512.0 119512
1712703938666 119872.0 119872
1712703938790 119872.0 119872
1712703939373 120128.0 120128
1712703940023 120464.0 120464
1712703940151 120464.0 120464
1712703940241 120568.0 120568
1712703940817 120784.0 120784
1712703941551 120848.0 120848
1712703941680 120880.0 120880
1712703941784 121056.0 121056
1712703942466 121104.0 121104
1712703942614 121192.0 121192
1712703943433 121552.0 121552
1712703943567 121576.0 121576
1712703943648 121592.0 121592
1712703944411 121728.0 121728
1712703945206 121912.0 121912
1712703946059 122192.0 122192
1712703946199 122288.0 122288
1712703946946 122392.0 122392
1712703947075 122400.0 122400
1712703947156 122416.0 122416
1712703947936 122632.0 122632
1712703948068 122640.0 122640
1712703949012 122952.0 122952
1712703949137 122952.0 122952
1712703949217 122976.0 122976
1712703949306 123056.0 123056
1712703949384 123064.0 123064
1712703949462 123096.0 123096
1712703950142 123296.0 123296
1712703950319 123392.0 123392
1712703951110 123608.0 123608
1712703951245 123624.0 123624
1712703951997 123704.0 123704
1712703952123 123704.0 123704
1712703952210 123744.0 123744
1712703953000 124024.0 124024
1712703953132 124048.0 124048
1712703953911 124272.0 124272
1712703954041 124280.0 124280
1712703954135 124344.0 124344
1712703954210 124344.0 124344
1712703954975 124464.0 124464
1712703955834 124768.0 124768
1712703955978 124848.0 124848
1712703956066 124880.0 124880
1712703956154 124920.0 124920
1712703956878 124992.0 124992
1712703957036 125112.0 125112
1712703957121 125176.0 125176
1712703958565 125496.0 125496
1712703958693 125504.0 125504
1712703958791 125552.0 125552
1712703958877 125608.0 125608
1712703958957 125632.0 125632
1712703959643 125712.0 125712
1712703959774 125728.0 125728
1712703959870 125840.0 125840
1712703960650 126104.0 126104
1712703960786 126128.0 126128
1712703960862 126136.0 126136
1712703961626 126224.0 126224
1712703961760 126248.0 126248
1712703961865 126352.0 126352
1712703961945 126376.0 126376
1712703962699 126496.0 126496
1712703962879 126696.0 126696
1712703963612 126752.0 126752
1712703963747 126792.0 126792
1712703963857 126896.0 126896
1712703963947 126944.0 126944
1712703964697 126992.0 126992
1712703964831 127024.0 127024
1712703964923 127080.0 127080
1712703965705 127312.0 127312
1712703965853 127464.0 127464
1712703965932 127472.0 127472
1712703966683 127496.0 127496
1712703966827 127600.0 127600
1712703966915 127640.0 127640
1712703966996 127688.0 127688
1712703967072 127696.0 127696
1712703967777 127936.0 127936
1712703968484 128048.0 128048
1712703968620 128088.0 128088
1712703968700 128104.0 128104
1712703968786 128184.0 128184
1712703969426 128272.0 128272
1712703969555 128288.0 128288
1712703969636 128312.0 128312
1712703969749 128504.0 128504
1712703970426 128680.0 128680
1712703970564 128744.0 128744
1712703970639 128752.0 128752
1712703971194 128824.0 128824
1712703971329 128864.0 128864
1712703971412 128896.0 128896
1712703971491 128912.0 128912
1712703972172 129112.0 129112
1712703972324 129272.0 129272
1712703972968 129328.0 129328
1712703973094 129336.0 129336
1712703973186 129392.0 129392
1712703973266 129432.0 129432
1712703973351 129488.0 129488
1712703973431 129512.0 129512
1712703974105 129704.0 129704
1712703974842 129872.0 129872
1712703974994 129984.0 129984
1712703975070 129984.0 129984
1712703975144 129992.0 129992
1712703975812 130056.0 130056
1712703975941 130088.0 130088
1712703976017 130096.0 130096
1712703976122 130264.0 130264
1712703976805 130432.0 130432
1712703976950 130552.0 130552
1712703977602 130576.0 130576
1712703977733 130592.0 130592
1712703977816 130640.0 130640
1712703977900 130688.0 130688
1712703977977 130704.0 130704
1712703978650 130848.0 130848
1712703978799 131000.0 131000
1712703979469 131120.0 131120
1712703979598 131136.0 131136
1712703979677 131152.0 131152
1712703979767 131208.0 131208
1712703979850 131248.0 131248
1712703979935 131280.0 131280
1712703980600 131432.0 131432
1712703981529 131584.0 131584
1712703982207 131688.0 131688
1712703982342 131728.0 131728
1712703982415 131728.0 131728
1712703982502 131768.0 131768
1712703982589 131832.0 131832
1712703983242 131848.0 131848
1712703983391 132008.0 132008
1712703984062 132144.0 132144
1712703984205 132248.0 132248
1712703984290 132288.0 132288
1712703984370 132304.0 132304
1712703984451 132336.0 132336
1712703985109 132400.0 132400
1712703985241 132424.0 132424
1712703985352 132576.0 132576
1712703986010 132704.0 132704
1712703986149 132800.0 132800
1712703986229 132832.0 132832
1712703986314 132864.0 132864
1712703986861 132888.0 132888
1712703986998 132968.0 132968
1712703987075 132984.0 132984
1712703987641 133128.0 133128
1712703987790 133288.0 133288
1712703987879 133376.0 133376
1712703988427 133400.0 133400
1712703988557 133408.0 133408
1712703988637 133432.0 133432
1712703988725 133504.0 133504
1712703988808 133528.0 133528
1712703989500 133688.0 133688
1712703989648 133840.0 133840
1712703990327 133944.0 133944
1712703990460 133952.0 133952
1712703990544 133976.0 133976
1712703990649 134064.0 134064
1712703990741 134112.0 134112
1712703991478 134152.0 134152
1712703991625 134224.0 134224
1712703991742 134384.0 134384
1712703992505 134520.0 134520
1712703992633 134528.0 134528
1712703992729 134600.0 134600
1712703992812 134640.0 134640
1712703993545 134712.0 134712
1712703993680 134768.0 134768
1712703994451 134928.0 134928
1712703994586 134960.0 134960
1712703994691 135072.0 135072
1712703994790 135160.0 135160
1712703995531 135200.0 135200
1712703995676 135296.0 135296
1712703995759 135328.0 135328
1712703996518 135464.0 135464
1712703996662 135520.0 135520
1712703996754 135616.0 135616
1712703997503 135728.0 135728
1712703997654 135816.0 135816
1712703997745 135872.0 135872
1712703997825 135880.0 135880
1712703998578 136008.0 136008
1712703998739 136152.0 136152
1712703999488 136216.0 136216
1712703999627 136264.0 136264
1712703999711 136288.0 136288
1712703999816 136416.0 136416
1712704000563 136464.0 136464
1712704000707 136536.0 136536
1712704000801 136608.0 136608
1712704002260 136968.0 136968
1712704002403 137016.0 137016
1712704003187 137224.0 137224
1712704003322 137264.0 137264
1712704003405 137312.0 137312
1712704003495 137368.0 137368
1712704003598 137472.0 137472
1712704004339 137536.0 137536
1712704004511 137720.0 137720
1712704005261 137776.0 137776
1712704005403 137848.0 137848
1712704005505 137944.0 137944
1712704006271 138056.0 138056
1712704007108 138264.0 138264
1712704007274 138400.0 138400
1712704007361 138448.0 138448
1712704007444 138480.0 138480
1712704007522 138488.0 138488
1712704008270 138576.0 138576
1712704008416 138688.0 138688
1712704009081 138800.0 138800
1712704009828 139016.0 139016
1712704009955 139024.0 139024
1712704010038 139072.0 139072
1712704010139 139224.0 139224
1712704010215 139232.0 139232
1712704010960 139336.0 139336
1712704011130 139496.0 139496
1712704011889 139544.0 139544
1712704012027 139568.0 139568
1712704012109 139568.0 139568
1712704012198 139616.0 139616
1712704012977 139800.0 139800
1712704013107 139824.0 139824
1712704013190 139872.0 139872
1712704013302 140032.0 140032
1712704014042 140080.0 140080
1712704014176 140112.0 140112
1712704014257 140128.0 140128
1712704014459 140240.0 140240
1712704015023 140360.0 140360
1712704015147 140360.0 140360
1712704015233 140432.0 140432
1712704015809 140648.0 140648
1712704015935 140672.0 140672
1712704016027 140776.0 140776
1712704016579 140808.0 140808
1712704016718 140896.0 140896
1712704016818 141048.0 141048
1712704017466 141080.0 141080
1712704017618 141184.0 141184
1712704017700 141216.0 141216
1712704018372 141336.0 141336
1712704018501 141352.0 141352
1712704018580 141400.0 141400
1712704018677 141520.0 141520
1712704019276 141600.0 141600
1712704019410 141664.0 141664
1712704019499 141744.0 141744
1712704019575 141760.0 141760
1712704020263 141880.0 141880
1712704020389 141888.0 141888
1712704020482 141976.0 141976
1712704021162 142136.0 142136
1712704021297 142200.0 142200
1712704021386 142288.0 142288
1712704021469 142312.0 142312
1712704022141 142440.0 142440
1712704022281 142496.0 142496
1712704022360 142504.0 142504
1712704022439 142520.0 142520
1712704023134 142704.0 142704
1712704023268 142760.0 142760
1712704023355 142824.0 142824
1712704024040 142976.0 142976
1712704024183 143040.0 143040
1712704024261 143056.0 143056
1712704024341 143096.0 143096
1712704024904 143248.0 143248
1712704025041 143328.0 143328
1712704025601 143384.0 143384
1712704025727 143384.0 143384
1712704025828 143544.0 143544
1712704025915 143592.0 143592
1712704025996 143616.0 143616
1712704026678 143632.0 143632
1712704026845 143792.0 143792
1712704026941 143864.0 143864
1712704027681 143920.0 143920
1712704027810 143928.0 143928
1712704027930 144096.0 144096
1712704028641 144136.0 144136
1712704028778 144176.0 144176
1712704028850 144176.0 144176
1712704028969 144328.0 144328
1712704029663 144400.0 144400
1712704029813 144504.0 144504
1712704029892 144512.0 144512
1712704030000 144640.0 144640
1712704030748 144704.0 144704
1712704030877 144712.0 144712
1712704030981 144824.0 144824
1712704031071 144872.0 144872
1712704031798 144936.0 144936
1712704031956 145048.0 145048
1712704032042 145088.0 145088
1712704032806 145192.0 145192
1712704032945 145264.0 145264
1712704033030 145296.0 145296
1712704033802 145432.0 145432
1712704033928 145440.0 145440
1712704034014 145496.0 145496
1712704034120 145608.0 145608
1712704034203 145624.0 145624
1712704034975 145752.0 145752
1712704035135 145888.0 145888
1712704035220 145912.0 145912
1712704035968 145984.0 145984
1712704036098 145992.0 145992
1712704036188 146048.0 146048
1712704036292 146152.0 146152
1712704037012 146200.0 146200
1712704037176 146344.0 146344
1712704037846 146448.0 146448
1712704037996 146584.0 146584
1712704038072 146592.0 146592
1712704038155 146632.0 146632
1712704038835 146736.0 146736
1712704038972 146784.0 146784
1712704039661 147000.0 147000
1712704039796 147072.0 147072
1712704039877 147104.0 147104
1712704039954 147136.0 147136
1712704040041 147192.0 147192
1712704040117 147192.0 147192
1712704040791 147336.0 147336
1712704041449 147384.0 147384
1712704042202 147608.0 147608
1712704042340 147632.0 147632
1712704042426 147648.0 147648
1712704043190 147760.0 147760
1712704043355 147888.0 147888
1712704043435 147920.0 147920
1712704043512 147928.0 147928
1712704044243 148008.0 148008
1712704044414 148192.0 148192
1712704044491 148208.0 148208
1712704045221 148240.0 148240
1712704045381 148440.0 148440
1712704045466 148472.0 148472
1712704046197 148496.0 148496
1712704046325 148504.0 148504
1712704046431 148616.0 148616
1712704047189 148808.0 148808
1712704047317 148816.0 148816
1712704047408 148872.0 148872
1712704048170 149008.0 149008
1712704048307 149072.0 149072
1712704048395 149112.0 149112
1712704048484 149152.0 149152
1712704048574 149192.0 149192
1712704049348 149472.0 149472
1712704049479 149504.0 149504
1712704050154 149584.0 149584
1712704050304 149664.0 149664
1712704050398 149728.0 149728
1712704050477 149752.0 149752
1712704051133 149776.0 149776
1712704051669 150000.0 150000
1712704052340 150048.0 150048
1712704052506 150096.0 150096
1712704052598 150152.0 150152
1712704052682 150168.0 150168
1712704053390 150296.0 150296
1712704053528 150344.0 150344
1712704053603 150344.0 150344
1712704053688 150392.0 150392
1712704054377 150608.0 150608
1712704054525 150720.0 150720
1712704055160 150816.0 150816
1712704055295 150888.0 150888
1712704055378 150928.0 150928
1712704055460 150968.0 150968
1712704055536 150976.0 150976
1712704056128 151240.0 151240
1712704056732 151328.0 151328
1712704056869 151400.0 151400
1712704056954 151464.0 151464
1712704057037 151520.0 151520
1712704057696 151576.0 151576
1712704057827 151616.0 151616
1712704057908 151624.0 151624
1712704058686 151856.0 151856
1712704058825 151912.0 151912
1712704059507 152168.0 152168
1712704059634 152176.0 152176
1712704059717 152200.0 152200
1712704059794 152224.0 152224
1712704059877 152264.0 152264
1712704059953 152272.0 152272
1712704060529 152480.0 152480
1712704060663 152560.0 152560
1712704061246 152768.0 152768
1712704061380 152792.0 152792
1712704061459 152800.0 152800
1712704061536 152832.0 152832
1712704062206 152872.0 152872
1712704062378 153040.0 153040
1712704063117 153104.0 153104
1712704063259 153176.0 153176
1712704064051 153432.0 153432
1712704064185 153456.0 153456
1712704064258 153456.0 153456
1712704064334 153464.0 153464
1712704064418 153504.0 153504
1712704065011 153800.0 153800
1712704065635 153944.0 153944
1712704065768 154000.0 154000
1712704065851 154048.0 154048
1712704065943 154104.0 154104
1712704066610 154128.0 154128
1712704066734 154128.0 154128
1712704066816 154176.0 154176
1712704067500 154400.0 154400
1712704067656 154608.0 154608
1712704068255 154680.0 154680
1712704068386 154712.0 154712
1712704068491 154816.0 154816
1712704068576 154840.0 154840
1712704068652 154856.0 154856
1712704069325 155008.0 155008
1712704070056 155272.0 155272
1712704070206 155352.0 155352
1712704070283 155360.0 155360
1712704071003 155400.0 155400
1712704071164 155536.0 155536
1712704071241 155536.0 155536
1712704071325 155568.0 155568
1712704071420 155632.0 155632
1712704073148 156016.0 156016
1712704073290 156016.0 156016
1712704073378 156024.0 156024
1712704073468 156056.0 156056
1712704074163 156184.0 156184
1712704074295 156208.0 156208
1712704074368 156216.0 156216
1712704074457 156296.0 156296
1712704075166 156664.0 156664
1712704075887 156688.0 156688
1712704076008 156688.0 156688
1712704076096 156728.0 156728
1712704076182 156792.0 156792
1712704076260 156832.0 156832
1712704076344 156880.0 156880
1712704076426 156904.0 156904
1712704077891 157304.0 157304
1712704078037 157360.0 157360
1712704078775 157456.0 157456
1712704078908 157480.0 157480
1712704078982 157488.0 157488
1712704079060 157496.0 157496
1712704079137 157496.0 157496
1712704079222 157544.0 157544
1712704080694 157960.0 157960
1712704080827 157992.0 157992
1712704080937 158120.0 158120
1712704081011 158120.0 158120
1712704081089 158128.0 158128
1712704081163 158128.0 158128
1712704081251 158176.0 158176
1712704081328 158176.0 158176
1712704082793 158704.0 158704
1712704083574 158728.0 158728
1712704083710 158768.0 158768
1712704083796 158808.0 158808
1712704083880 158840.0 158840
1712704083953 158840.0 158840
1712704084036 158872.0 158872
1712704084126 158928.0 158928
1712704085590 159384.0 159384
1712704085723 159416.0 159416
1712704085812 159480.0 159480
1712704086540 159504.0 159504
1712704086669 159520.0 159520
1712704086761 159600.0 159600
1712704086844 159648.0 159648
1712704086923 159688.0 159688
1712704088401 160064.0 160064
1712704088541 160104.0 160104
1712704088632 160160.0 160160
1712704088721 160176.0 160176
1712704088803 160184.0 160184
1712704089534 160280.0 160280
1712704089681 160368.0 160368
1712704089760 160376.0 160376
1712704090561 160744.0 160744
1712704091309 160784.0 160784
1712704091449 160840.0 160840
1712704091544 160912.0 160912
1712704091628 160944.0 160944
1712704092397 161056.0 161056
1712704092528 161072.0 161072
1712704092642 161224.0 161224
1712704093455 161504.0 161504
1712704094258 161544.0 161544
1712704094399 161584.0 161584
1712704094485 161632.0 161632
1712704094577 161696.0 161696
1712704094661 161760.0 161760
1712704095407 161840.0 161840
1712704095545 161912.0 161912
1712704096344 162200.0 162200
1712704096484 162232.0 162232
1712704096571 162296.0 162296
1712704097315 162320.0 162320
1712704097468 162416.0 162416
1712704097566 162504.0 162504
1712704097640 162512.0 162512
1712704098395 162632.0 162632
1712704099233 162904.0 162904
1712704099360 162920.0 162920
1712704099458 163008.0 163008
1712704100210 163128.0 163128
1712704100337 163144.0 163144
1712704100429 163208.0 163208
1712704100507 163216.0 163216
1712704101271 163368.0 163368
1712704102085 163616.0 163616
1712704102222 163648.0 163648
1712704102316 163720.0 163720
1712704102416 163832.0 163832
1712704103149 163864.0 163864
1712704103299 163936.0 163936
1712704103377 163960.0 163960
1712704103472 164080.0 164080
1712704104245 164312.0 164312
1712704104372 164320.0 164320
1712704105117 164432.0 164432
1712704105276 164544.0 164544
1712704105355 164560.0 164560
1712704106103 164624.0 164624
1712704106250 164744.0 164744
1712704106326 164760.0 164760
1712704107131 165040.0 165040
1712704107256 165048.0 165048
1712704108018 165152.0 165152
1712704108156 165208.0 165208
1712704108239 165240.0 165240
1712704108370 165360.0 165360
1712704109006 165424.0 165424
1712704109137 165448.0 165448
1712704109920 165744.0 165744
1712704110052 165760.0 165760
1712704110145 165824.0 165824
1712704110889 165928.0 165928
1712704111018 165936.0 165936
1712704111120 166048.0 166048
1712704111216 166136.0 166136
1712704111965 166200.0 166200
1712704112781 166424.0 166424
1712704112910 166440.0 166440
1712704113025 166592.0 166592
1712704113105 166608.0 166608
1712704113845 166672.0 166672
1712704114010 166832.0 166832
1712704114093 166864.0 166864
1712704114240 166872.0 166872
1712704115022 167088.0 167088
1712704115151 167096.0 167096
1712704115928 167240.0 167240
1712704116065 167272.0 167272
1712704116153 167328.0 167328
1712704116909 167488.0 167488
1712704117045 167528.0 167528
1712704117122 167536.0 167536
1712704117885 167752.0 167752
1712704118012 167760.0 167760
1712704118111 167904.0 167904
1712704118839 167952.0 167952
1712704118980 168016.0 168016
1712704119100 168184.0 168184
1712704119179 168192.0 168192
1712704119932 168232.0 168232
1712704120088 168440.0 168440
1712704120755 168456.0 168456
1712704120905 168616.0 168616
1712704120985 168632.0 168632
1712704121077 168688.0 168688
1712704121747 168840.0 168840
1712704121881 168888.0 168888
1712704122551 168984.0 168984
1712704122706 169088.0 169088
1712704122785 169128.0 169128
1712704123440 169272.0 169272
1712704123580 169320.0 169320
1712704123661 169360.0 169360
1712704124313 169512.0 169512
1712704124449 169568.0 169568
1712704124548 169664.0 169664
1712704125260 169760.0 169760
1712704125396 169792.0 169792
1712704125495 169928.0 169928
1712704126239 170024.0 170024
1712704126367 170032.0 170032
1712704126463 170176.0 170176
1712704126547 170232.0 170232
1712704127107 170336.0 170336
1712704127244 170416.0 170416
1712704127328 170472.0 170472
1712704128011 170608.0 170608
1712704128149 170656.0 170656
1712704128227 170672.0 170672
1712704128895 170848.0 170848
1712704129032 170912.0 170912
1712704129120 171008.0 171008
1712704129777 171088.0 171088
1712704129911 171112.0 171112
1712704130010 171264.0 171264
1712704130660 171344.0 171344
1712704130791 171360.0 171360
1712704130888 171520.0 171520
1712704131548 171600.0 171600
1712704131684 171696.0 171696
1712704131772 171744.0 171744
1712704132429 171800.0 171800
1712704132575 171944.0 171944
1712704133270 172040.0 172040
1712704133404 172040.0 172040
1712704133522 172184.0 172184
1712704133623 172280.0 172280
1712704134293 172368.0 172368
1712704134421 172408.0 172408
1712704134502 172440.0 172440
1712704135180 172640.0 172640
1712704135316 172720.0 172720
1712704135395 172720.0 172720
1712704136080 172848.0 172848
1712704136220 172952.0 172952
1712704136961 173072.0 173072
1712704137085 173072.0 173072
1712704137165 173088.0 173088
1712704137285 173272.0 173272
1712704138019 173360.0 173360
1712704138145 173368.0 173368
1712704138259 173512.0 173512
1712704139004 173616.0 173616
1712704139148 173736.0 173736
1712704139225 173744.0 173744
1712704139304 173752.0 173752
1712704140071 173944.0 173944
1712704140214 174008.0 174008
1712704140299 174048.0 174048
1712704141055 174168.0 174168
1712704141194 174272.0 174272
1712704141966 174400.0 174400
1712704142094 174400.0 174400
1712704142167 174400.0 174400
1712704142920 174608.0 174608
1712704143051 174664.0 174664
1712704143131 174688.0 174688
1712704143239 174808.0 174808
1712704143996 174920.0 174920
1712704144157 175048.0 175048
1712704144229 175048.0 175048
1712704144967 175112.0 175112
1712704145135 175272.0 175272
1712704145240 175328.0 175328
1712704145317 175336.0 175336
1712704145968 175448.0 175448
1712704146109 175552.0 175552
1712704146775 175688.0 175688
1712704146903 175712.0 175712
1712704146988 175776.0 175776
1712704147666 175928.0 175928
1712704147798 175968.0 175968
1712704147880 176000.0 176000
1712704147963 176064.0 176064
1712704148651 176224.0 176224
1712704148795 176360.0 176360
1712704148873 176384.0 176384
1712704149511 176440.0 176440
1712704149656 176584.0 176584
1712704149742 176624.0 176624
1712704149815 176632.0 176632
1712704150524 176712.0 176712
1712704151248 176888.0 176888
1712704151955 177000.0 177000
1712704152086 177024.0 177024
1712704152184 177112.0 177112
1712704152933 177224.0 177224
1712704153061 177248.0 177248
1712704153142 177272.0 177272
1712704153244 177368.0 177368
1712704153996 177576.0 177576
1712704154772 177672.0 177672
1712704154903 177704.0 177704
1712704154985 177752.0 177752
1712704155098 177896.0 177896
1712704155177 177904.0 177904
1712704155891 177928.0 177928
1712704156061 178048.0 178048
1712704156845 178224.0 178224
1712704156996 178328.0 178328
1712704157082 178360.0 178360
1712704157826 178456.0 178456
1712704157977 178552.0 178552
1712704158053 178560.0 178560
1712704158130 178560.0 178560
1712704158240 178688.0 178688
1712704159003 178880.0 178880
1712704159804 178992.0 178992
1712704159938 179016.0 179016
1712704160030 179088.0 179088
1712704160144 179200.0 179200
1712704160217 179200.0 179200
1712704160944 179232.0 179232
1712704161093 179328.0 179328
1712704161859 179504.0 179504
1712704162026 179648.0 179648
1712704162110 179672.0 179672
1712704162860 179752.0 179752
1712704163009 179840.0 179840
1712704163087 179848.0 179848
1712704163168 179872.0 179872
1712704163866 179984.0 179984
1712704164026 180128.0 180128
1712704165021 180304.0 180304
1712704165224 180312.0 180312
1712704165358 180368.0 180368
1712704166179 180496.0 180496
1712704166345 180528.0 180528
1712704166449 180560.0 180560
1712704166555 180632.0 180632
1712704167304 180784.0 180784
1712704167494 180960.0 180960
1712704167584 180960.0 180960
1712704168288 181016.0 181016
1712704168466 181144.0 181144
1712704168568 181176.0 181176
1712704168657 181184.0 181184
1712704169392 181304.0 181304
1712704169566 181432.0 181432
1712704170249 181616.0 181616
1712704170398 181648.0 181648
1712704170483 181664.0 181664
1712704171252 181808.0 181808
1712704171400 181832.0 181832
1712704171505 181848.0 181848
1712704172306 182040.0 182040
1712704172470 182080.0 182080
1712704172599 182256.0 182256
1712704172696 182264.0 182264
1712704173809 182304.0 182304
1712704174041 182432.0 182432
1712704174151 182512.0 182512
1712704174839 182544.0 182544
1712704175026 182704.0 182704
1712704175129 182704.0 182704
1712704175934 182896.0 182896
1712704176087 182920.0 182920
1712704176188 182952.0 182952
1712704176919 183088.0 183088
1712704177076 183136.0 183136
1712704177173 183192.0 183192
1712704177993 183336.0 183336
1712704178155 183384.0 183384
1712704178274 183528.0 183528
1712704178972 183576.0 183576
1712704179124 183600.0 183600
1712704179252 183736.0 183736
1712704179979 183816.0 183816
1712704180140 183840.0 183840
1712704180270 184000.0 184000
1712704180368 184024.0 184024
1712704181057 184168.0 184168
1712704181211 184224.0 184224
1712704181301 184232.0 184232
1712704182026 184360.0 184360
1712704182281 184512.0 184512
1712704182379 184552.0 184552
1712704183068 184648.0 184648
1712704183218 184680.0 184680
1712704183933 184840.0 184840
1712704184115 184880.0 184880
1712704184234 184896.0 184896
1712704184348 185016.0 185016
1712704185130 185168.0 185168
1712704185286 185224.0 185224
1712704185389 185304.0 185304
1712704185484 185344.0 185344
1712704186350 185488.0 185488
1712704186502 185520.0 185520
1712704186595 185544.0 185544
1712704187288 185656.0 185656
1712704187463 185832.0 185832
1712704188134 185864.0 185864
1712704188304 185976.0 185976
1712704188407 185984.0 185984
1712704189189 186152.0 186152
1712704189336 186168.0 186168
1712704189438 186208.0 186208
1712704189543 186272.0 186272
1712704190218 186464.0 186464
1712704190356 186480.0 186480
1712704190459 186600.0 186600
1712704190542 186600.0 186600
1712704191177 186816.0 186816
1712704191319 186824.0 186824
1712704191408 186856.0 186856
1712704192032 186920.0 186920
1712704192201 187096.0 187096
1712704192293 187120.0 187120
1712704192979 187256.0 187256
1712704193118 187264.0 187264
1712704193827 187488.0 187488
1712704193969 187496.0 187496
1712704194059 187496.0 187496
1712704194156 187568.0 187568
1712704194812 187768.0 187768
1712704194950 187800.0 187800
1712704195045 187896.0 187896
1712704195699 187944.0 187944
1712704195855 188088.0 188088
1712704195942 188128.0 188128
1712704196581 188184.0 188184
1712704196718 188200.0 188200
1712704196834 188416.0 188416
1712704197489 188456.0 188456
1712704197642 188552.0 188552
1712704197734 188600.0 188600
1712704199506 188736.0 188736
1712704199649 188768.0 188768
1712704199779 188816.0 188816
1712704199871 188848.0 188848
1712704200553 189048.0 189048
1712704200696 189112.0 189112
1712704201325 189208.0 189208
1712704201470 189272.0 189272
1712704201570 189392.0 189392
1712704202180 189448.0 189448
1712704202320 189456.0 189456
1712704202785 189488.0 189488
1712704202898 189680.0 189680
1712704203574 189760.0 189760
1712704203727 189880.0 189880
1712704204410 189936.0 189936
1712704205089 190064.0 190064
1712704205229 190104.0 190104
1712704205542 190128.0 190128
1712704205621 190144.0 190144
1712704206661 190336.0 190336
1712704206799 190384.0 190384
1712704207512 190520.0 190520
1712704207648 190568.0 190568
1712704208393 190752.0 190752
1712704208530 190760.0 190760
1712704208619 190792.0 190792
1712704208700 190792.0 190792
1712704209403 190984.0 190984
1712704209561 191096.0 191096
1712704209652 191168.0 191168
1712704210378 191288.0 191288
1712704210541 191400.0 191400
1712704210735 191416.0 191416
1712704210822 191432.0 191432
1712704210903 191456.0 191456
1712704211559 191616.0 191616
1712704211713 191744.0 191744
1712704212367 191816.0 191816
1712704212514 191920.0 191920
1712704213200 192040.0 192040
1712704213333 192048.0 192048
1712704213410 192056.0 192056
1712704213493 192096.0 192096
1712704213608 192240.0 192240
1712704214329 192464.0 192464
1712704214465 192480.0 192480
1712704215458 192712.0 192712
1712704215588 192720.0 192720
1712704215673 192752.0 192752
1712704216378 192864.0 192864
1712704217139 193096.0 193096
1712704217272 193104.0 193104
1712704217353 193120.0 193120
1712704218066 193352.0 193352
1712704218269 193360.0 193360
1712704218349 193392.0 193392
1712704218427 193392.0 193392
1712704218522 193488.0 193488
1712704219223 193696.0 193696
1712704219361 193760.0 193760
1712704219437 193784.0 193784
1712704220023 194000.0 194000
1712704220155 194040.0 194040
1712704220233 194048.0 194048
1712704220305 194048.0 194048
1712704220876 194200.0 194200
1712704221499 194344.0 194344
1712704221635 194408.0 194408
1712704221730 194496.0 194496
1712704222424 194680.0 194680
1712704222551 194688.0 194688
1712704222629 194712.0 194712
1712704222706 194720.0 194720
1712704223386 194864.0 194864
1712704223534 194992.0 194992
1712704224219 195112.0 195112
1712704224359 195120.0 195120
1712704224475 195312.0 195312
1712704225122 195336.0 195336
1712704225253 195344.0 195344
1712704225328 195360.0 195360
1712704225443 195504.0 195504
1712704226124 195664.0 195664
1712704226285 195760.0 195760
1712704226363 195760.0 195760
1712704227052 195952.0 195952
1712704227182 195984.0 195984
1712704227270 196024.0 196024
1712704227930 196120.0 196120
1712704228089 196328.0 196328
1712704228748 196392.0 196392
1712704228878 196416.0 196416
1712704228971 196528.0 196528
1712704229058 196600.0 196600
1712704229702 196640.0 196640
1712704229836 196696.0 196696
1712704229927 196792.0 196792
1712704230496 196960.0 196960
1712704230634 197048.0 197048
1712704230710 197056.0 197056
1712704231274 197176.0 197176
1712704231412 197272.0 197272
1712704231496 197312.0 197312
1712704231575 197352.0 197352
1712704232132 197416.0 197416
1712704232284 197592.0 197592
1712704232957 197680.0 197680
1712704233088 197712.0 197712
1712704233183 197808.0 197808
1712704233889 197928.0 197928
1712704234017 197944.0 197944
1712704234109 198000.0 198000
1712704234190 198056.0 198056
1712704234775 198296.0 198296
1712704234907 198344.0 198344
1712704234986 198360.0 198360
1712704235548 198448.0 198448
1712704235691 198560.0 198560
1712704235771 198592.0 198592
1712704235848 198624.0 198624
1712704236523 198728.0 198728
1712704237272 198968.0 198968
1712704237401 198976.0 198976
1712704237474 198976.0 198976
1712704237561 199064.0 199064
1712704238246 199192.0 199192
1712704238381 199248.0 199248
1712704238454 199248.0 199248
1712704238546 199352.0 199352
1712704239122 199592.0 199592
1712704239246 199600.0 199600
1712704239325 199624.0 199624
1712704239926 199704.0 199704
1712704240076 199832.0 199832
1712704240165 199880.0 199880
1712704240245 199888.0 199888
1712704241313 200000.0 200000
1712704241444 200080.0 200080
1712704242181 200248.0 200248
1712704242314 200264.0 200264
1712704242389 200272.0 200272
1712704242473 200328.0 200328
1712704243225 200496.0 200496
1712704243365 200544.0 200544
1712704243465 200704.0 200704
1712704244234 200896.0 200896
1712704244364 200904.0 200904
1712704244438 200904.0 200904
1712704244513 200912.0 200912
1712704245251 200968.0 200968
1712704245397 201088.0 201088
1712704245482 201120.0 201120
1712704246254 201288.0 201288
1712704246417 201432.0 201432
1712704246501 201464.0 201464
1712704247262 201520.0 201520
1712704248131 201904.0 201904
1712704248277 201968.0 201968
1712704249723 202400.0 202400
1712704250529 202520.0 202520
1712704251378 202864.0 202864
1712704261801 206824.0 206824
1712704263747 207592.0 207592
1712704267594 209080.0 209080
1712704267730 209112.0 209112
1712704268292 209280.0 209280
1712704268922 209512.0 209512
1712704271075 210512.0 210512
1712704271722 210856.0 210856
1712704279227 213576.0 213576
1712704282882 214816.0 214816
1712704284840 215584.0 215584
1712704285631 215992.0 215992
1712704287473 216504.0 216504
1712704288828 217072.0 217072
1712704289549 217104.0 217104
1712704290425 217504.0 217504
1712704293341 218504.0 218504
1712704301072 221568.0 221568
1712704306120 223576.0 223576
1712704306878 223984.0 223984
1712704308221 224496.0 224496
1712704310160 225064.0 225064
1712704310293 225096.0 225096
1712704311008 225496.0 225496
1712704313604 226496.0 226496
1712704314984 227064.0 227064
1712704316428 227472.0 227472
1712704321092 229376.0 229376
1712704327597 231568.0 231568
1712704330422 232488.0 232488
1712704330555 232544.0 232544
1712704331868 233056.0 233056
1712704331998 233088.0 233088
1712704332795 233232.0 233232
1712704335439 234488.0 234488
1712704337970 235464.0 235464
1712704342342 237112.0 237112
1712704348094 239560.0 239560
1712704350633 240480.0 240480
1712704350767 240536.0 240536
1712704351856 241048.0 241048
1712704351985 241080.0 241080
1712704352603 241224.0 241224
1712704358288 243456.0 243456
1712704363325 245104.0 245104
1712704367663 246664.0 246664
1712704369950 247552.0 247552
1712704372233 248296.0 248296
1712704373008 248336.0 248336
1712704373141 248368.0 248368
1712704373242 248472.0 248472
1712704373332 248528.0 248528
1712704374048 248600.0 248600
1712704374179 248632.0 248632
1712704374251 248632.0 248632
1712704375546 249136.0 249136
1712704375686 249216.0 249216
1712704375762 249232.0 249232
1712704375851 249336.0 249336
1712704376455 249424.0 249424
1712704376593 249504.0 249504
1712704376669 249528.0 249528
1712704376746 249544.0 249544
1712704378640 250000.0 250000
1712704378764 250040.0 250040
