1712587721091 1.211461041122675 7992
1712587735332 1.2858205512166023 13328
1712587737679 1.2567614242434502 14272
1712587738552 1.2602369599044323 14464
1712587742273 1.1778631303459406 15872
1712587743021 1.176734272390604 15984
1712587745980 1.115132451057434 17000
1712587746850 1.1267824918031693 17392
1712587760848 0.9981703013181686 20000
1712587761772 0.9705139771103859 20288
1712587763417 0.9296599831432104 20984
1712587764743 0.8718374287709594 21280
1712587765539 0.8708151318132877 21648
1712587766923 0.8445853143930435 22104
1712587767803 0.8407261222600937 22456
1712587768709 0.7817724011838436 22768
1712587772274 0.6490899082273245 23864
1712587773292 0.5973884575068951 24144
1712587774254 0.5623687375336885 24352
1712587775866 0.549690661020577 24640
1712587776755 0.49157412722706795 24896
1712587778673 0.4052655496634543 25528
1712587780798 0.2970915059559047 26168
1712587782440 0.25979065685532987 26712
1712587783925 0.16464109846856445 27232
1712587785518 0.007958473637700081 27800
1712587786344 -0.04594120290130377 27984
1712587787848 -0.026037062460090965 28584
1712587789926 -0.05543764744652435 29296
1712587790691 -0.12979195453226566 29568
1712587792083 -0.08446013292996213 30072
1712587792894 -0.19340357545297593 30216
1712587793677 -0.2586412795353681 30560
1712587794411 -0.33654160948935896 30736
1712587795146 -0.29382337210699916 31008
1712587796565 -0.5433930307626724 31600
1712587797959 -0.45047170552425086 32200
1712587800053 -0.548903986113146 32880
1712587800863 -0.6563518901821226 33240
1712587803523 -0.8061554091982543 34096
1712587804289 -0.7890098001807928 34408
1712587808290 -1.07871887460351 35912
1712587809744 -1.220763930119574 36384
1712587811212 -1.358749758452177 37032
1712587812012 -1.1692542200908065 37152
1712587814042 -1.5114919394254684 38120
1712587814807 -1.5849510915577412 38280
1712587816176 -1.6217878479510546 38776
1712587817636 -1.825302479788661 39176
1712587818403 -1.85407948307693 39480
1712587825388 -2.336458969861269 40000
1712587826156 -2.14998584613204 40368
1712587826967 -2.2832009121775627 40528
1712587827811 -2.3900042846798897 40816
1712587828561 -2.6064574979245663 41032
1712587831233 -2.604829266667366 42152
1712587831984 -2.8147529512643814 42304
1712587833453 -2.9023893997073174 42888
1712587835549 -3.207483097910881 43392
1712587836355 -3.234488755464554 43632
1712587837142 -3.1551767326891422 43936
1712587837954 -3.37192489951849 44152
1712587839346 -3.371656894683838 44800
1712587840719 -3.3935976549983025 45192
1712587842079 -3.768441617488861 45672
1712587842829 -3.992487996816635 45920
1712587843580 -3.7954738065600395 46256
1712587845595 -3.837266832590103 47104
1712587846340 -4.242844343185425 47192
1712587847080 -4.1602823212742805 47368
1712587848487 -4.267158731818199 47904
1712587849316 -4.484348177909851 48240
1712587850675 -4.297927387058735 48664
1712587851597 -4.366624258458614 49048
1712587853004 -4.922278039157391 49496
1712587853785 -4.662539593875408 49776
1712587855224 -5.0427796468138695 50328
1712587855928 -5.075431331992149 50440
1712587857365 -5.180745653808117 51200
1712587858099 -5.320917382836342 51360
1712587859568 -5.419467501342297 51888
1712587861037 -5.563999101519585 52408
1712587861787 -5.754554346203804 52632
1712587863772 -5.842363081872463 53352
1712587864647 -6.295921325683594 53528
1712587867977 -6.868847608566284 54872
1712587870102 -7.194837614893913 55608
1712587871056 -7.352308988571167 56032
1712587873057 -7.740571156144142 56816
1712587873791 -7.676112934947014 57040
1712587875166 -7.690299957990646 57392
1712587877292 -8.098003849387169 58144
1712587878807 -8.534641563892365 58768
1712587879589 -8.189291462302208 59096
1712587880309 -9.056734338402748 59144
1712587887373 -8.878444820642471 60000
1712587888092 -9.027178913354874 60216
1712587888951 -9.304246068000793 60504
1712587890436 -9.04810106754303 61024
1712587891811 -9.32346673309803 61472
1712587892639 -9.66519545018673 61712
1712587894093 -10.081633746623993 62288
1712587894872 -9.960166156291962 62696
1712587896227 -10.320293426513672 63016
1712587897031 -10.451765298843384 63376
1712587899751 -10.47557458281517 64352
1712587900594 -10.32835054397583 64616
1712587901423 -10.57705733180046 64808
1712587905266 -10.881080240011215 66528
1712587906041 -10.800323158502579 66736
1712587906776 -11.579215347766876 66912
1712587907611 -10.94671082496643 67208
1712587908408 -11.8086559176445 67368
1712587909768 -11.704789251089096 67912
1712587911144 -11.559847354888916 68424
1712587913128 -12.531230509281158 69128
1712587914519 -12.417885035276413 69744
1712587915285 -12.56338918209076 70136
1712587916013 -12.56993356347084 70232
1712587920693 -12.909976303577423 72160
1712587921411 -13.012236267328262 72240
1712587922178 -12.86896139383316 72544
1712587924193 -13.223332792520523 73312
1712587928757 -13.016032457351685 75112
1712587929633 -13.466823548078537 75296
1712587933509 -13.282033801078796 76872
1712587935540 -13.304949522018433 77736
1712587936899 -13.057130128145218 78224
1712587938369 -13.05914980173111 78696
1712587939760 -13.093104153871536 79320
1712587940495 -13.422454476356506 79504
1712587946756 -13.206804424524307 80000
1712587948153 -13.03523474931717 80560
1712587948922 -12.959419757127762 80800
1712587949669 -12.812970876693726 81016
1712587951701 -12.529390066862106 81792
1712587954388 -12.428459525108337 82784
1712587955808 -12.290486544370651 83344
1712587956600 -12.348254054784775 83616
1712587957973 -12.193670600652695 84160
1712587958706 -11.646358907222748 84352
1712587960097 -11.775866687297821 84960
1712587962096 -12.039213001728058 85728
1712587963440 -11.609478116035461 86216
1712587964159 -11.222154796123505 86352
1712587967377 -11.087200254201889 87672
1712587970674 -10.472676515579224 88952
1712587971424 -11.203519701957703 89216
1712587972783 -10.775450184941292 89688
1712587973611 -11.144795700907707 90080
1712587974315 -10.384549468755722 90136
1712587975767 -10.560597747564316 90680
1712587976627 -10.508895486593246 91064
1712587983002 -11.892645567655563 93520
1712587984424 -11.55339652299881 94128
1712587985814 -11.729138284921646 94592
1712587986595 -11.483845084905624 94952
1712587987345 -11.822993844747543 95032
1712587988126 -12.061868578195572 95240
1712587989032 -12.416543930768967 95712
1712587989766 -12.369030058383942 95880
1712587990547 -12.516325443983078 96216
1712587991281 -12.449665904045105 96408
1712587992093 -12.76350823044777 96600
1712587994171 -12.988161236047745 97520
1712587994890 -13.136687904596329 97584
1712587996452 -13.273702025413513 98160
1712587997249 -13.185862481594086 98336
1712587997999 -13.409556955099106 98576
1712587998858 -13.37169924378395 98912
1712588000248 -13.729014366865158 99424
1712588001014 -13.79663348197937 99760
1712588001811 -14.044373244047165 99880
