1712587721107 0.0031239841709975735 7992
1712587735332 0.002231443521395704 13328
1712587737679 0.0026972621108143358 14272
1712587738562 0.003176769979290839 14464
1712587742273 2.4661837019739323 15872
1712587743021 5.519256094012235 15984
1712587745996 0.6121820761327399 17000
1712587746850 1.2101686448295368 17392
1712587760863 2.3147374267718988 20000
1712587761783 2.3122091789991828 20288
1712587763426 3.4038397886033636 20984
1712587764753 5.018547339423094 21280
1712587765549 4.430098135722801 21648
1712587766935 2.719096375221852 22104
1712587767818 3.1888527888222598 22456
1712587768719 4.73746843347908 22768
1712587772284 5.898469426902011 23864
1712587773303 5.242362704826519 24144
1712587774264 3.3912148425588384 24352
1712587775878 7.545870904694311 24640
1712587776765 7.764457175973803 24896
1712587778683 5.523317247163504 25528
1712587780814 6.045190297067165 26168
1712587782455 4.335613518254831 26712
1712587783925 5.573543951380998 27232
1712587785518 7.846124446950853 27800
1712587786360 8.538021846674383 27984
1712587787860 6.109120872337371 28584
1712587789941 5.681801649276167 29296
1712587790691 4.879981405334547 29568
1712587792083 4.101004002150148 30072
1712587792914 4.527115468168631 30216
1712587793693 2.661487365840003 30560
1712587794411 5.087450875900686 30736
1712587795146 4.233431551605463 31008
1712587796580 5.348739231005311 31600
1712587797959 4.386793085373938 32200
1712587800053 2.427631672937423 32880
1712587800863 3.341355333570391 33240
1712587803538 2.717186365276575 34096
1712587804304 2.886156039312482 34408
1712587808305 1.6060807490721345 35912
1712587809744 1.914770864881575 36384
1712587811212 1.2496063932776451 37032
1712587812028 1.4822111865505576 37152
1712587814058 0.8232400538399816 38120
1712587814807 1.0187842585146427 38280
1712587816183 0.7995064165443182 38776
1712587817636 0.7830202495679259 39176
1712587818419 0.7635754346847534 39480
1712587825404 0.7782653514295816 40000
1712587826166 0.6826712740585208 40368
1712587826967 0.6533374423161149 40528
1712587827811 0.6597329620271921 40816
1712587828576 0.7099570175632834 41032
1712587831233 0.6454022638499737 42152
1712587831984 0.6528363283723593 42304
1712587833453 0.6867109788581729 42888
1712587835549 0.7292198184877634 43392
1712587836355 0.7557939942926168 43632
1712587837157 0.7531423307955265 43936
1712587837970 0.7947631776332855 44152
1712587839361 0.7682208484038711 44800
1712587840719 0.8146105399355292 45192
1712587842095 0.9166601113975048 45672
1712587842829 0.9572279481217265 45920
1712587843596 0.897569827735424 46256
1712587845611 1.0440421011298895 47104
1712587846356 1.0049427319318056 47192
1712587847096 0.9751357939094305 47368
1712587848487 0.9154911898076534 47904
1712587849331 1.2044272385537624 48240
1712587850675 1.0250289067626 48664
1712587851613 1.1336171310395002 49048
1712587853020 1.1969852149486542 49496
1712587853785 1.093185093253851 49776
1712587855239 1.2296528182923794 50328
1712587855954 1.1754854917526245 50440
1712587857380 1.2623224556446075 51200
1712587858099 1.3492044433951378 51360
1712587859584 1.2170441467314959 51888
1712587861037 1.265137018635869 52408
1712587861787 1.3288772776722908 52632
1712587863787 1.317574824206531 53352
1712587864663 1.330587301403284 53528
1712587867992 1.6089678220450878 54872
1712587870118 1.2068099118769169 55608
1712587871056 1.5998154636472464 56032
1712587873057 1.3662308305501938 56816
1712587873806 1.5603181142359972 57040
1712587875182 1.3171554505825043 57392
1712587877323 1.7407072987407446 58144
1712587878823 1.5738637894392014 58768
1712587879589 1.4868060555309057 59096
1712587880324 1.548757005482912 59144
1712587887373 1.4730113875120878 60000
1712587888107 1.5536760669201612 60216
1712587888967 1.734852533787489 60504
1712587890451 1.5740827191621065 61024
1712587891827 1.5908231250941753 61472
1712587892655 1.7708316147327423 61712
1712587894109 1.7511931285262108 62288
1712587894872 1.5167096108198166 62696
1712587896242 1.599461866542697 63016
1712587897047 1.5436175595968962 63376
1712587899751 1.3230851143598557 64352
1712587900594 1.2243007719516754 64616
1712587901423 1.357192611321807 64808
1712587905282 1.2140122381970286 66528
1712587906057 1.2099990900605917 66736
1712587906792 1.5092304833233356 66912
1712587907611 1.3873787000775337 67208
1712587908424 1.582684362307191 67368
1712587909784 1.9877277445048094 67912
1712587911144 1.531491106376052 68424
1712587913144 1.6422400176525116 69128
1712587914535 1.5091548766940832 69744
1712587915285 1.4161091446876526 70136
1712587916023 1.479477172717452 70232
1712587920693 1.4691506046801805 72160
1712587921411 1.3772231424227357 72240
1712587922178 1.9326060377061367 72544
1712587924209 1.5264583826065063 73312
1712587928757 1.2206568028777838 75112
1712587929648 1.720227662473917 75296
1712587933525 1.5493493601679802 76872
1712587935540 1.1694504525512457 77736
1712587936922 1.3425081046298146 78224
1712587938369 1.515819013118744 78696
1712587939776 1.3984856717288494 79320
1712587940511 1.3662011958658695 79504
1712587946772 1.4726180862635374 80000
1712587948169 1.1814713682979345 80560
1712587948932 1.7975718025118113 80800
1712587949684 1.4650803115218878 81016
1712587951717 1.4544109907001257 81792
1712587954403 1.0850875116884708 82784
1712587955808 1.9147594776004553 83344
1712587956600 1.4018856883049011 83616
1712587957989 1.4855892583727837 84160
1712587958722 1.6872387193143368 84352
1712587960112 1.402101969346404 84960
1712587962096 1.756279345601797 85728
1712587963456 1.6958999708294868 86216
1712587964175 1.5568885430693626 86352
1712587967393 1.2211543880403042 87672
1712587970690 2.4496418181806803 88952
1712587971439 2.167056730017066 89216
1712587972783 1.9753405377268791 89688
1712587973627 2.2979784682393074 90080
1712587974330 2.3404189571738243 90136
1712587975767 2.5742454640567303 90680
1712587976627 2.7410920783877373 91064
1712587983002 4.210743114352226 93520
1712587984439 4.107372127473354 94128
1712587985829 3.734271414577961 94592
1712587986610 3.8747919276356697 94952
1712587987360 3.410807766020298 95032
1712587988142 3.6289082691073418 95240
1712587989032 4.4068834483623505 95712
1712587989781 3.8491710424423218 95880
1712587990547 4.078910700976849 96216
1712587991297 3.689568020403385 96408
1712587992093 3.8388269394636154 96600
1712587994187 3.8355082347989082 97520
1712587994906 3.587666444480419 97584
1712587996452 3.8121377304196358 98160
1712587997264 3.272137615829706 98336
1712587998014 3.8947247862815857 98576
1712587998858 3.810644067823887 98912
1712588000264 4.027846444398165 99424
1712588001029 4.268745228648186 99760
1712588001827 3.74908397346735 99880
