1712587721107 0.10000000149011612 7992
1712587735347 0.10000000149011612 13328
1712587737694 0.10000000149011612 14272
1712587738565 0.10000000149011612 14464
1712587742289 0.10000000149011612 15872
1712587743037 0.10000000149011612 15984
1712587746012 0.10000000149011612 17000
1712587746867 0.10000000149011612 17392
1712587760863 0.10000000149011612 20000
1712587761793 0.10000000149011612 20288
1712587763437 0.10000000149011612 20984
1712587764762 0.10000000149011612 21280
1712587765559 0.10000000149011612 21648
1712587766953 0.10000000149011612 22104
1712587767838 0.10000000149011612 22456
1712587768731 0.10000000149011612 22768
1712587772294 0.10000000149011612 23864
1712587773313 0.10000000149011612 24144
1712587774278 0.10000000149011612 24352
1712587775895 0.10000000149011612 24640
1712587776776 0.10000000149011612 24896
1712587778694 0.10000000149011612 25528
1712587780830 0.10000000149011612 26168
1712587782455 0.10000000149011612 26712
1712587783940 0.10000000149011612 27232
1712587785534 0.10000000149011612 27800
1712587786360 0.10000000149011612 27984
1712587787876 0.10000000149011612 28584
1712587789941 0.10000000149011612 29296
1712587790707 0.10000000149011612 29568
1712587792098 0.10000000149011612 30072
1712587792924 0.10000000149011612 30216
1712587793693 0.10000000149011612 30560
1712587794427 0.10000000149011612 30736
1712587795162 0.10000000149011612 31008
1712587796596 0.10000000149011612 31600
1712587797975 0.10000000149011612 32200
1712587800069 0.10000000149011612 32880
1712587800880 0.10000000149011612 33240
1712587803538 0.10000000149011612 34096
1712587804304 0.10000000149011612 34408
1712587808321 0.10000000149011612 35912
1712587809760 0.10000000149011612 36384
1712587811228 0.10000000149011612 37032
1712587812043 0.10000000149011612 37152
1712587814073 0.10000000149011612 38120
1712587814823 0.10000000149011612 38280
1712587816198 0.10000000149011612 38776
1712587817652 0.10000000149011612 39176
1712587818435 0.10000000149011612 39480
1712587825419 0.10000000149011612 40000
1712587826169 0.10000000149011612 40368
1712587826983 0.10000000149011612 40528
1712587827827 0.10000000149011612 40816
1712587828592 0.10000000149011612 41032
1712587831249 0.10000000149011612 42152
1712587831999 0.10000000149011612 42304
1712587833469 0.10000000149011612 42888
1712587835564 0.10000000149011612 43392
1712587836370 0.10000000149011612 43632
1712587837173 0.10000000149011612 43936
1712587837985 0.10000000149011612 44152
1712587839361 0.10000000149011612 44800
1712587840735 0.10000000149011612 45192
1712587842095 0.10000000149011612 45672
1712587842845 0.10000000149011612 45920
1712587843611 0.10000000149011612 46256
1712587845627 0.10000000149011612 47104
1712587846356 0.10000000149011612 47192
1712587847112 0.10000000149011612 47368
1712587848503 0.10000000149011612 47904
1712587849331 0.10000000149011612 48240
1712587850691 0.10000000149011612 48664
1712587851628 0.10000000149011612 49048
1712587853035 0.10000000149011612 49496
1712587853801 0.10000000149011612 49776
1712587855255 0.10000000149011612 50328
1712587855966 0.10000000149011612 50440
1712587857380 0.10000000149011612 51200
1712587858115 0.10000000149011612 51360
1712587859600 0.10000000149011612 51888
1712587861053 0.10000000149011612 52408
1712587861803 0.10000000149011612 52632
1712587863787 0.10000000149011612 53352
1712587864663 0.10000000149011612 53528
1712587867992 0.10000000149011612 54872
1712587870118 0.10000000149011612 55608
1712587871072 0.10000000149011612 56032
1712587873072 0.10000000149011612 56816
1712587873822 0.10000000149011612 57040
1712587875182 0.10000000149011612 57392
1712587877339 0.10000000149011612 58144
1712587878823 0.10000000149011612 58768
1712587879604 0.10000000149011612 59096
1712587880324 0.10000000149011612 59144
1712587887389 0.10000000149011612 60000
1712587888123 0.10000000149011612 60216
1712587888967 0.10000000149011612 60504
1712587890451 0.10000000149011612 61024
1712587891827 0.10000000149011612 61472
1712587892670 0.10000000149011612 61712
1712587894124 0.10000000149011612 62288
1712587894888 0.10000000149011612 62696
1712587896258 0.10000000149011612 63016
1712587897062 0.10000000149011612 63376
1712587899766 0.10000000149011612 64352
1712587900610 0.10000000149011612 64616
1712587901439 0.10000000149011612 64808
1712587905298 0.10000000149011612 66528
1712587906067 0.10000000149011612 66736
1712587906792 0.10000000149011612 66912
1712587907627 0.10000000149011612 67208
1712587908424 0.10000000149011612 67368
1712587909784 0.10000000149011612 67912
1712587911159 0.10000000149011612 68424
1712587913159 0.10000000149011612 69128
1712587914535 0.10000000149011612 69744
1712587915300 0.10000000149011612 70136
1712587916033 0.10000000149011612 70232
1712587920708 0.10000000149011612 72160
1712587921427 0.10000000149011612 72240
1712587922193 0.10000000149011612 72544
1712587924209 0.10000000149011612 73312
1712587928773 0.10000000149011612 75112
1712587929664 0.10000000149011612 75296
1712587933525 0.10000000149011612 76872
1712587935556 0.10000000149011612 77736
1712587936932 0.10000000149011612 78224
1712587938384 0.10000000149011612 78696
1712587939791 0.10000000149011612 79320
1712587940526 0.10000000149011612 79504
1712587946787 0.10000000149011612 80000
1712587948169 0.10000000149011612 80560
1712587948935 0.10000000149011612 80800
1712587949684 0.10000000149011612 81016
1712587951717 0.10000000149011612 81792
1712587954403 0.10000000149011612 82784
1712587955824 0.10000000149011612 83344
1712587956616 0.10000000149011612 83616
1712587957989 0.10000000149011612 84160
1712587958738 0.10000000149011612 84352
1712587960128 0.10000000149011612 84960
1712587962112 0.10000000149011612 85728
1712587963471 0.10000000149011612 86216
1712587964190 0.10000000149011612 86352
1712587967393 0.10000000149011612 87672
1712587970705 0.10000000149011612 88952
1712587971439 0.10000000149011612 89216
1712587972799 0.10000000149011612 89688
1712587973627 0.10000000149011612 90080
1712587974346 0.10000000149011612 90136
1712587975783 0.10000000149011612 90680
1712587976643 0.10000000149011612 91064
1712587983018 0.10000000149011612 93520
1712587984439 0.10000000149011612 94128
1712587985829 0.10000000149011612 94592
1712587986610 0.10000000149011612 94952
1712587987360 0.10000000149011612 95032
1712587988157 0.10000000149011612 95240
1712587989047 0.10000000149011612 95712
1712587989797 0.10000000149011612 95880
1712587990562 0.10000000149011612 96216
1712587991297 0.10000000149011612 96408
1712587992109 0.10000000149011612 96600
1712587994203 0.10000000149011612 97520
1712587994906 0.10000000149011612 97584
1712587996468 0.10000000149011612 98160
1712587997280 0.10000000149011612 98336
1712587998014 0.10000000149011612 98576
1712587998874 0.10000000149011612 98912
1712588000264 0.10000000149011612 99424
1712588001029 0.10000000149011612 99760
1712588001842 0.10000000149011612 99880
