1712587721122 0.0003 7992
1712587735363 0.0003 13328
1712587737710 0.0003 14272
1712587738585 0.0003 14464
1712587742289 0.0003 15872
1712587743053 0.0003 15984
1712587746012 0.0003 17000
1712587746883 0.0003 17392
1712587760879 0.0003 20000
1712587761802 0.0003 20288
1712587763446 0.0003 20984
1712587764776 0.0003 21280
1712587765569 0.0003 21648
1712587766965 0.0003 22104
1712587767852 0.0003 22456
1712587768740 0.0003 22768
1712587772306 0.0003 23864
1712587773323 0.0003 24144
1712587774290 0.0003 24352
1712587775910 0.0003 24640
1712587776793 0.0003 24896
1712587778705 0.0003 25528
1712587780830 0.0003 26168
1712587782471 0.0003 26712
1712587783956 0.0003 27232
1712587785549 0.0003 27800
1712587786375 0.0003 27984
1712587787877 0.0003 28584
1712587789957 0.0003 29296
1712587790722 0.0003 29568
1712587792114 0.0003 30072
1712587792927 0.0003 30216
1712587793708 0.0003 30560
1712587794427 0.0003 30736
1712587795178 0.0003 31008
1712587796596 0.0003 31600
1712587797990 0.0003 32200
1712587800069 0.0003 32880
1712587800880 0.0003 33240
1712587803554 0.0003 34096
1712587804320 0.0003 34408
1712587808321 0.0003 35912
1712587809760 0.0003 36384
1712587811228 0.0003 37032
1712587812043 0.0003 37152
1712587814073 0.0003 38120
1712587814823 0.0003 38280
1712587816198 0.0003 38776
1712587817667 0.0003 39176
1712587818435 0.0003 39480
1712587825419 0.0003 40000
1712587826185 0.0003 40368
1712587826999 0.0003 40528
1712587827843 0.0003 40816
1712587828592 0.0003 41032
1712587831265 0.0003 42152
1712587831999 0.0003 42304
1712587833484 0.0003 42888
1712587835580 0.0003 43392
1712587836386 0.0003 43632
1712587837173 0.0003 43936
1712587837985 0.0003 44152
1712587839377 0.0003 44800
1712587840750 0.0003 45192
1712587842110 0.0003 45672
1712587842858 0.0003 45920
1712587843611 0.0003 46256
1712587845627 0.0003 47104
1712587846371 0.0003 47192
1712587847112 0.0003 47368
1712587848519 0.0003 47904
1712587849347 0.0003 48240
1712587850707 0.0003 48664
1712587851628 0.0003 49048
1712587853035 0.0003 49496
1712587853801 0.0003 49776
1712587855255 0.0003 50328
1712587855978 0.0003 50440
1712587857396 0.0003 51200
1712587858131 0.0003 51360
1712587859600 0.0003 51888
1712587861068 0.0003 52408
1712587861818 0.0003 52632
1712587863803 0.0003 53352
1712587864679 0.0003 53528
1712587868008 0.0003 54872
1712587870133 0.0003 55608
1712587871087 0.0003 56032
1712587873088 0.0003 56816
1712587873822 0.0003 57040
1712587875198 0.0003 57392
1712587877354 0.0003 58144
1712587878839 0.0003 58768
1712587879620 0.0003 59096
1712587880340 0.0003 59144
1712587887404 0.0003 60000
1712587888123 0.0003 60216
1712587888982 0.0003 60504
1712587890467 0.0003 61024
1712587891844 0.0003 61472
1712587892670 0.0003 61712
1712587894124 0.0003 62288
1712587894905 0.0003 62696
1712587896258 0.0003 63016
1712587897078 0.0003 63376
1712587899782 0.0003 64352
1712587900610 0.0003 64616
1712587901454 0.0003 64808
1712587905298 0.0003 66528
1712587906074 0.0003 66736
1712587906807 0.0003 66912
1712587907643 0.0003 67208
1712587908439 0.0003 67368
1712587909799 0.0003 67912
1712587911175 0.0003 68424
1712587913159 0.0003 69128
1712587914551 0.0003 69744
1712587915316 0.0003 70136
1712587916044 0.0003 70232
1712587920724 0.0003 72160
1712587921442 0.0003 72240
1712587922209 0.0003 72544
1712587924225 0.0003 73312
1712587928789 0.0003 75112
1712587929664 0.0003 75296
1712587933541 0.0003 76872
1712587935556 0.0003 77736
1712587936932 0.0003 78224
1712587938400 0.0003 78696
1712587939791 0.0003 79320
1712587940526 0.0003 79504
1712587946787 0.0003 80000
1712587948185 0.0003 80560
1712587948950 0.0003 80800
1712587949700 0.0003 81016
1712587951732 0.0003 81792
1712587954419 0.0003 82784
1712587955824 0.0003 83344
1712587956632 0.0003 83616
1712587958005 0.0003 84160
1712587958753 0.0003 84352
1712587960128 0.0003 84960
1712587962127 0.0003 85728
1712587963471 0.0003 86216
1712587964190 0.0003 86352
1712587967409 0.0003 87672
1712587970705 0.0003 88952
1712587971455 0.0003 89216
1712587972814 0.0003 89688
1712587973642 0.0003 90080
1712587974361 0.0003 90136
1712587975799 0.0003 90680
1712587976658 0.0003 91064
1712587983018 0.0003 93520
1712587984455 0.0003 94128
1712587985845 0.0003 94592
1712587986626 0.0003 94952
1712587987376 0.0003 95032
1712587988157 0.0003 95240
1712587989063 0.0003 95712
1712587989813 0.0003 95880
1712587990578 0.0003 96216
1712587991312 0.0003 96408
1712587992125 0.0003 96600
1712587994203 0.0003 97520
1712587994921 0.0003 97584
1712587996483 0.0003 98160
1712587997280 0.0003 98336
1712587998030 0.0003 98576
1712587998874 0.0003 98912
1712588000280 0.0003 99424
1712588001045 0.0003 99760
1712588001842 0.0003 99880
