1712587721138 992.0 7992
1712587735363 1664.0 13328
1712587737710 1760.0 14272
1712587738595 1792.0 14464
1712587742304 1952.0 15872
1712587743053 1984.0 15984
1712587746027 2112.0 17000
1712587746883 2144.0 17392
1712587760879 2496.0 20000
1712587761815 2528.0 20288
1712587763458 2592.0 20984
1712587764786 2656.0 21280
1712587765580 2688.0 21648
1712587766977 2752.0 22104
1712587767865 2784.0 22456
1712587768751 2816.0 22768
1712587772317 2976.0 23864
1712587773333 3008.0 24144
1712587774301 3040.0 24352
1712587775929 3072.0 24640
1712587776804 3104.0 24896
1712587778714 3168.0 25528
1712587780846 3264.0 26168
1712587782486 3328.0 26712
1712587783956 3392.0 27232
1712587785565 3456.0 27800
1712587786375 3488.0 27984
1712587787893 3552.0 28584
1712587789957 3648.0 29296
1712587790722 3680.0 29568
1712587792114 3744.0 30072
1712587792943 3776.0 30216
1712587793724 3808.0 30560
1712587794442 3840.0 30736
1712587795178 3872.0 31008
1712587796612 3936.0 31600
1712587797990 4000.0 32200
1712587800085 4096.0 32880
1712587800897 4128.0 33240
1712587803570 4256.0 34096
1712587804320 4288.0 34408
1712587808337 4480.0 35912
1712587809775 4544.0 36384
1712587811244 4608.0 37032
1712587812059 4640.0 37152
1712587814089 4736.0 38120
1712587814840 4768.0 38280
1712587816214 4832.0 38776
1712587817667 4896.0 39176
1712587818450 4928.0 39480
1712587825435 4992.0 40000
1712587826185 5024.0 40368
1712587826999 5056.0 40528
1712587827853 5088.0 40816
1712587828608 5120.0 41032
1712587831265 5248.0 42152
1712587832015 5280.0 42304
1712587833484 5344.0 42888
1712587835596 5408.0 43392
1712587836386 5440.0 43632
1712587837189 5472.0 43936
1712587838001 5504.0 44152
1712587839393 5568.0 44800
1712587840750 5632.0 45192
1712587842126 5696.0 45672
1712587842858 5728.0 45920
1712587843627 5760.0 46256
1712587845642 5856.0 47104
1712587846387 5888.0 47192
1712587847127 5920.0 47368
1712587848519 5984.0 47904
1712587849363 6016.0 48240
1712587850707 6080.0 48664
1712587851644 6112.0 49048
1712587853051 6176.0 49496
1712587853816 6208.0 49776
1712587855270 6272.0 50328
1712587855987 6304.0 50440
1712587857412 6368.0 51200
1712587858131 6400.0 51360
1712587859615 6464.0 51888
1712587861068 6528.0 52408
1712587861818 6560.0 52632
1712587863803 6656.0 53352
1712587864694 6688.0 53528
1712587868008 6848.0 54872
1712587870149 6944.0 55608
1712587871103 6976.0 56032
1712587873088 7072.0 56816
1712587873839 7104.0 57040
1712587875198 7168.0 57392
1712587877354 7264.0 58144
1712587878850 7328.0 58768
1712587879620 7360.0 59096
1712587880340 7392.0 59144
1712587887404 7488.0 60000
1712587888139 7520.0 60216
1712587888998 7552.0 60504
1712587890467 7616.0 61024
1712587891854 7680.0 61472
1712587892686 7712.0 61712
1712587894140 7776.0 62288
1712587894905 7808.0 62696
1712587896273 7872.0 63016
1712587897078 7904.0 63376
1712587899782 8032.0 64352
1712587900626 8064.0 64616
1712587901454 8096.0 64808
1712587905313 8288.0 66528
1712587906074 8320.0 66736
1712587906823 8352.0 66912
1712587907643 8384.0 67208
1712587908439 8416.0 67368
1712587909815 8480.0 67912
1712587911175 8544.0 68424
1712587913175 8640.0 69128
1712587914551 8704.0 69744
1712587915316 8736.0 70136
1712587916054 8768.0 70232
1712587920724 8992.0 72160
1712587921442 9024.0 72240
1712587922209 9056.0 72544
1712587924240 9152.0 73312
1712587928789 9376.0 75112
1712587929680 9408.0 75296
1712587933556 9600.0 76872
1712587935572 9696.0 77736
1712587936948 9760.0 78224
1712587938400 9824.0 78696
1712587939807 9888.0 79320
1712587940542 9920.0 79504
1712587946803 9984.0 80000
1712587948200 10048.0 80560
1712587948950 10080.0 80800
1712587949716 10112.0 81016
1712587951732 10208.0 81792
1712587954419 10336.0 82784
1712587955848 10400.0 83344
1712587956632 10432.0 83616
1712587958020 10496.0 84160
1712587958753 10528.0 84352
1712587960144 10592.0 84960
1712587962127 10688.0 85728
1712587963487 10752.0 86216
1712587964206 10784.0 86352
1712587967424 10944.0 87672
1712587970721 11104.0 88952
1712587971471 11136.0 89216
1712587972814 11200.0 89688
1712587973642 11232.0 90080
1712587974361 11264.0 90136
1712587975799 11328.0 90680
1712587976658 11360.0 91064
1712587983033 11680.0 93520
1712587984470 11744.0 94128
1712587985861 11808.0 94592
1712587986626 11840.0 94952
1712587987392 11872.0 95032
1712587988173 11904.0 95240
1712587989063 11936.0 95712
1712587989813 11968.0 95880
1712587990578 12000.0 96216
1712587991312 12032.0 96408
1712587992125 12064.0 96600
1712587994218 12160.0 97520
1712587994921 12192.0 97584
1712587996483 12256.0 98160
1712587997296 12288.0 98336
1712587998030 12320.0 98576
1712587998889 12352.0 98912
1712588000295 12416.0 99424
1712588001045 12448.0 99760
1712588001858 12480.0 99880
