1712587721138 0.02598341926932335 7992
1712587721224 0.02598341926932335 7992
1712587721302 0.02598341926932335 7992
1712587721380 0.02598341926932335 7992
1712587721443 0.02598341926932335 7992
1712587721521 0.02598341926932335 7992
1712587721599 0.02598341926932335 7992
1712587721677 0.02598341926932335 7992
1712587735378 0.026324719190597534 13328
1712587737725 0.02636805549263954 14272
1712587738606 0.026382189244031906 14464
1712587742320 0.026455063372850418 15872
1712587743068 0.026477715000510216 15984
1712587743146 0.026477715000510216 15984
1712587743224 0.026477715000510216 15984
1712587743302 0.026477715000510216 15984
1712587746043 0.026528313755989075 17000
1712587746901 0.02655033767223358 17392
1712587761004 0.02671314775943756 20104
1712587761825 0.026727162301540375 20288
1712587761901 0.026727162301540375 20288
1712587763469 0.02675521746277809 20984
1712587764796 0.026775237172842026 21280
1712587765590 0.02678237482905388 21648
1712587766988 0.026812473312020302 22104
1712587767876 0.026825016364455223 22456
1712587767962 0.026825016364455223 22456
1712587768760 0.02683917060494423 22768
1712587772327 0.026918012648820877 23864
1712587772433 0.026918012648820877 23960
1712587772513 0.026918012648820877 23976
1712587773343 0.02693490870296955 24144
1712587774313 0.0269426591694355 24352
1712587775942 0.02696460485458374 24640
1712587776816 0.026977460831403732 24896
1712587776911 0.026977460831403732 24928
1712587778725 0.027008965611457825 25528
1712587780858 0.027041742578148842 26168
1712587780940 0.027041742578148842 26192
1712587781033 0.027041742578148842 26304
1712587782486 0.027054717764258385 26712
1712587783971 0.027076512575149536 27232
1712587784049 0.027076512575149536 27232
1712587785565 0.02709600329399109 27800
1712587786501 0.027108648791909218 27984
1712587787893 0.027120493352413177 28584
1712587787988 0.027120493352413177 28648
1712587789973 0.027132047340273857 29296
1712587790738 0.0271451473236084 29568
1712587792129 0.027155417948961258 30072
1712587792223 0.027155417948961258 30176
1712587792943 0.027159729972481728 30216
1712587793724 0.027160335332155228 30560
1712587794458 0.027162106707692146 30736
1712587795193 0.027163373306393623 31008
1712587796627 0.027163878083229065 31600
1712587798006 0.027173195034265518 32200
1712587798084 0.027173195034265518 32208
1712587800100 0.027189522981643677 32880
1712587800915 0.027189204469323158 33240
1712587800992 0.027189204469323158 33264
1712587803570 0.02717646211385727 34096
1712587804336 0.027172133326530457 34408
1712587804429 0.027172133326530457 34480
1712587808337 0.02719367854297161 35912
1712587808431 0.02719367854297161 35976
1712587809791 0.027195608243346214 36384
1712587809883 0.027195608243346214 36528
1712587811259 0.027192620560526848 37032
1712587812075 0.027190430089831352 37152
1712587814105 0.027195272967219353 38120
1712587814850 0.027197493240237236 38280
1712587816214 0.027193991467356682 38776
1712587816323 0.027193991467356682 38872
1712587817683 0.02718832530081272 39176
1712587818450 0.027188405394554138 39480
1712587818560 0.027188405394554138 39600
1712587818638 0.027188405394554138 39624
1712587826201 0.027186669409275055 40368
1712587826279 0.027186669409275055 40416
1712587827014 0.027186449617147446 40528
1712587827092 0.027186449617147446 40568
1712587827854 0.027188559994101524 40816
1712587828623 0.027192488312721252 41032
1712587831280 0.027198323979973793 42152
1712587832031 0.02720082923769951 42304
1712587832124 0.02720082923769951 42448
1712587833500 0.027199512347579002 42888
1712587835596 0.027197860181331635 43392
1712587836401 0.02719739079475403 43632
1712587837204 0.027203664183616638 43936
1712587837282 0.027203664183616638 44008
1712587838017 0.027206066995859146 44152
1712587839393 0.027208851650357246 44800
1712587840766 0.027210308238863945 45192
1712587842126 0.027202457189559937 45672
1712587842874 0.02720659412443638 45920
1712587843627 0.027194960042834282 46256
1712587845658 0.027179978787899017 47104
1712587846387 0.02717425487935543 47192
1712587847127 0.02716030925512314 47368
1712587848534 0.02715129964053631 47904
1712587848628 0.02715129964053631 48016
1712587849363 0.027142420411109924 48240
1712587850722 0.027125025168061256 48664
1712587850800 0.027125025168061256 48704
1712587850893 0.027125025168061256 48784
1712587851660 0.02712092362344265 49048
1712587853066 0.027119982987642288 49496
1712587853832 0.027113186195492744 49776
1712587853921 0.027113186195492744 49816
1712587855270 0.02710876613855362 50328
1712587856000 0.02709730714559555 50440
1712587857412 0.02708784118294716 51200
1712587858146 0.027080796658992767 51360
1712587858224 0.027080796658992767 51408
1712587859615 0.02707868628203869 51888
1712587861084 0.027075516059994698 52408
1712587861835 0.027082014828920364 52632
1712587863819 0.027067847549915314 53352
1712587863897 0.027067847549915314 53360
1712587863976 0.027067847549915314 53384
1712587864694 0.027072450146079063 53528
1712587868024 0.027089230716228485 54872
1712587868133 0.027089230716228485 55000
1712587868211 0.027089230716228485 55000
1712587870149 0.027089612558484077 55608
1712587870243 0.027089612558484077 55672
1712587870321 0.027089612558484077 55744
1712587871103 0.027078978717327118 56032
1712587873103 0.027054091915488243 56816
1712587873854 0.02705652080476284 57040
1712587875213 0.02706519141793251 57392
1712587875323 0.02706519141793251 57512
1712587877370 0.02707444503903389 58144
1712587877464 0.02707444503903389 58288
1712587878866 0.02708723023533821 58768
1712587879636 0.02708335779607296 59096
1712587880355 0.027079643681645393 59144
1712587888154 0.027073131874203682 60216
1712587888264 0.027073131874203682 60408
1712587888998 0.027070343494415283 60504
1712587889092 0.027070343494415283 60624
1712587890483 0.02707415446639061 61024
1712587891854 0.027091138064861298 61472
1712587891952 0.027091138064861298 61536
1712587892702 0.027086127549409866 61712
1712587892795 0.027086127549409866 61824
1712587894140 0.027081593871116638 62288
1712587894926 0.027094069868326187 62696
1712587896273 0.02708958461880684 63016
1712587897094 0.02708466723561287 63376
1712587897187 0.02708466723561287 63432
1712587899798 0.027099689468741417 64352
1712587899890 0.027099689468741417 64432
1712587900641 0.02710144780576229 64616
1712587900719 0.02710144780576229 64656
1712587901470 0.0271059051156044 64808
1712587905329 0.027141988277435303 66528
1712587906089 0.02714422158896923 66736
1712587906823 0.02713698334991932 66912
1712587906917 0.02713698334991932 66952
1712587907658 0.02714378759264946 67208
1712587907752 0.02714378759264946 67312
1712587908455 0.027144044637680054 67368
1712587909815 0.027138205245137215 67912
1712587911190 0.027151186019182205 68424
1712587913190 0.027149124071002007 69128
1712587914566 0.027153125032782555 69744
1712587915332 0.02715989761054516 70136
1712587916060 0.027170775458216667 70232
1712587916156 0.027170775458216667 70352
1712587916234 0.027170775458216667 70368
1712587920740 0.027149904519319534 72160
1712587921458 0.02715166285634041 72240
1712587922225 0.027158211916685104 72544
1712587924240 0.027147460728883743 73312
1712587928804 0.027084602043032646 75112
1712587928881 0.027084602043032646 75120
1712587928977 0.027084602043032646 75256
1712587929680 0.027085185050964355 75296
1712587933556 0.02705284208059311 76872
1712587935587 0.027036946266889572 77736
1712587936948 0.027038082480430603 78224
1712587937041 0.027038082480430603 78248
1712587938416 0.02702820673584938 78696
1712587939823 0.027020029723644257 79320
1712587940557 0.027011586353182793 79504
1712587948216 0.02698959782719612 80560
1712587948966 0.02699177898466587 80800
1712587949731 0.026989061385393143 81016
1712587951748 0.026972373947501183 81792
1712587954435 0.026976527646183968 82784
1712587955861 0.026965638622641563 83344
1712587956647 0.02696339786052704 83616
1712587958020 0.026952244341373444 84160
1712587958769 0.02694554068148136 84352
1712587960159 0.026939505711197853 84960
1712587962143 0.02694140560925007 85728
1712587963487 0.026927081868052483 86216
1712587964222 0.026934415102005005 86352
1712587967424 0.026944825425744057 87672
1712587967518 0.026944825425744057 87768
1712587970736 0.026964692398905754 88952
1712587971471 0.026965973898768425 89216
1712587972830 0.02698984369635582 89688
1712587972924 0.02698984369635582 89776
1712587973658 0.02700055204331875 90080
1712587974377 0.02700740471482277 90136
1712587974455 0.02700740471482277 90160
1712587975814 0.027045704424381256 90680
1712587975908 0.027045704424381256 90816
1712587976674 0.027058381587266922 91064
1712587983049 0.026977883651852608 93520
1712587984470 0.026945509016513824 94128
1712587985861 0.026921430602669716 94592
1712587986642 0.026917360723018646 94952
1712587987392 0.0269145704805851 95032
1712587988189 0.026908325031399727 95240
1712587988282 0.026908325031399727 95344
1712587989078 0.02690434642136097 95712
1712587989828 0.02689713053405285 95880
1712587990594 0.026885736733675003 96216
1712587991328 0.026871949434280396 96408
1712587991406 0.026871949434280396 96440
1712587992140 0.026862207800149918 96600
1712587992234 0.026862207800149918 96664
1712587994218 0.02685599774122238 97520
1712587994937 0.02685556188225746 97584
1712587995030 0.02685556188225746 97680
1712587995124 0.02685556188225746 97728
1712587996499 0.02685755491256714 98160
1712587996593 0.02685755491256714 98280
1712587997311 0.026853300631046295 98336
1712587998045 0.026853274554014206 98576
1712587998155 0.026853274554014206 98712
1712587998905 0.026839278638362885 98912
1712588000295 0.026831142604351044 99424
1712588001061 0.02683345600962639 99760
1712588001154 0.02683345600962639 99840
1712588001858 0.026834139600396156 99880
1712588001951 0.026834139600396156 99960
1712588002030 0.026834139600396156 99984
