1712703606870 1.211461041122675 7992
1712703621865 1.2858205512166023 13328
1712703624144 1.2567614242434502 14272
1712703624949 1.2602369599044323 14464
1712703628645 1.1778631303459406 15872
1712703629452 1.176734272390604 15984
1712703632568 1.115132451057434 17000
1712703633425 1.1267824918031693 17392
1712703641311 0.9981703013181686 20104
1712703642148 0.9705139771103859 20288
1712703643741 0.9296599831432104 20984
1712703645095 0.8718374287709594 21280
1712703645858 0.8708151318132877 21648
1712703647207 0.8445853143930435 22104
1712703647984 0.8407261222600937 22456
1712703648806 0.7817724011838436 22768
1712703651951 0.6490899082273245 23864
1712703652837 0.5973884575068951 24144
1712703653589 0.5623687375336885 24352
1712703654265 0.549690661020577 24640
1712703654995 0.49157412722706795 24896
1712703656498 0.4052655496634543 25528
1712703658504 0.2970915059559047 26168
1712703660211 0.25979065685532987 26712
1712703661783 0.16464109846856445 27232
1712703663395 0.007958473637700081 27800
1712703664341 -0.04594120290130377 27984
1712703665727 -0.026037062460090965 28584
1712703667678 -0.05543764744652435 29296
1712703668525 -0.12979195453226566 29568
1712703670038 -0.08446013292996213 30072
1712703671039 -0.19340357545297593 30216
1712703672089 -0.2586412795353681 30560
1712703672885 -0.33654160948935896 30736
1712703673744 -0.29382337210699916 31008
1712703675301 -0.5433930307626724 31600
1712703676836 -0.45047170552425086 32200
1712703679130 -0.548903986113146 32880
1712703679984 -0.6563518901821226 33240
1712703682962 -0.8061554091982543 34096
1712703683704 -0.7890098001807928 34408
1712703687589 -1.07871887460351 35912
1712703688803 -1.220763930119574 36384
1712703690052 -1.358749758452177 37032
1712703690774 -1.1692542200908065 37152
1712703692770 -1.5114919394254684 38120
1712703693494 -1.5849510915577412 38280
1712703694853 -1.6217878479510546 38776
1712703696273 -1.825302479788661 39176
1712703697008 -1.85407948307693 39480
1712703699177 -2.14998584613204 40368
1712703700051 -2.2832009121775627 40528
1712703700977 -2.3900042846798897 40816
1712703701800 -2.6064574979245663 41032
1712703704807 -2.604829266667366 42152
1712703705610 -2.8147529512643814 42304
1712703707266 -2.9023893997073174 42888
1712703708826 -3.207483097910881 43392
1712703709672 -3.234488755464554 43632
1712703710500 -3.1551767326891422 43936
1712703711424 -3.37192489951849 44152
1712703712989 -3.371656894683838 44800
1712703714510 -3.3935976549983025 45192
1712703716051 -3.768441617488861 45672
1712703716884 -3.992487996816635 45920
1712703717730 -3.7954738065600395 46256
1712703720005 -3.837266832590103 47104
1712703720815 -4.242844343185425 47192
1712703721614 -4.1602823212742805 47368
1712703723138 -4.267158731818199 47904
1712703724075 -4.484348177909851 48240
1712703725551 -4.297927387058735 48664
1712703726499 -4.366624258458614 49048
1712703727706 -4.922278039157391 49496
1712703728465 -4.662539593875408 49776
1712703734833 -4.918364517390728 50000
1712703736218 -5.0427796468138695 50328
1712703736968 -5.075431331992149 50440
1712703738395 -5.180745653808117 51200
1712703739159 -5.320917382836342 51360
1712703740625 -5.419467501342297 51888
1712703742002 -5.563999101519585 52408
1712703742743 -5.754554346203804 52632
1712703744725 -5.842363081872463 53352
1712703745600 -6.295921325683594 53528
1712703748826 -6.868847608566284 54872
1712703750931 -7.194837614893913 55608
1712703751857 -7.352308988571167 56032
1712703753857 -7.740571156144142 56816
1712703754593 -7.676112934947014 57040
1712703756414 -7.690299957990646 57392
1712703758454 -8.098003849387169 58144
1712703759737 -8.534641563892365 58768
1712703760393 -8.189291462302208 59096
1712703760991 -9.056734338402748 59144
1712703763164 -9.027178913354874 60216
1712703763986 -9.304246068000793 60504
1712703765406 -9.04810106754303 61024
1712703766755 -9.32346673309803 61472
1712703767568 -9.66519545018673 61712
1712703769038 -10.081633746623993 62288
1712703769823 -9.960166156291962 62696
1712703770926 -10.320293426513672 63016
1712703771575 -10.451765298843384 63376
1712703774202 -10.47557458281517 64352
1712703775036 -10.32835054397583 64616
1712703775847 -10.57705733180046 64808
1712703779709 -10.881080240011215 66528
1712703780439 -10.800323158502579 66736
1712703781151 -11.579215347766876 66912
1712703781967 -10.94671082496643 67208
1712703782768 -11.8086559176445 67368
1712703784105 -11.704789251089096 67912
1712703785613 -11.559847354888916 68424
1712703787812 -12.531230509281158 69128
1712703789200 -12.417885035276413 69744
1712703789976 -12.56338918209076 70136
1712703790692 -12.56993356347084 70232
1712703795284 -12.909976303577423 72160
1712703796009 -13.012236267328262 72240
1712703796830 -12.86896139383316 72544
1712703799008 -13.223332792520523 73312
1712703804130 -13.016032457351685 75112
1712703805103 -13.466823548078537 75296
1712703809532 -13.282033801078796 76872
1712703811798 -13.304949522018433 77736
1712703813199 -13.057130128145218 78224
1712703814613 -13.05914980173111 78696
1712703815988 -13.093104153871536 79320
1712703816712 -13.422454476356506 79504
1712703819287 -13.03523474931717 80560
1712703820020 -12.959419757127762 80800
1712703820748 -12.812970876693726 81016
1712703822674 -12.529390066862106 81792
1712703825209 -12.428459525108337 82784
1712703826642 -12.290486544370651 83344
1712703827366 -12.348254054784775 83616
1712703828716 -12.193670600652695 84160
1712703829629 -11.646358907222748 84352
1712703830886 -11.775866687297821 84960
1712703833153 -12.039213001728058 85728
1712703834705 -11.609478116035461 86216
1712703835524 -11.222154796123505 86352
1712703839172 -11.087200254201889 87672
1712703842894 -10.472676515579224 88952
1712703843732 -11.203519701957703 89216
1712703845280 -10.775450184941292 89688
1712703846207 -11.144795700907707 90080
1712703846978 -10.384549468755722 90136
1712703848571 -10.560597747564316 90680
1712703849462 -10.508895486593246 91064
1712703856336 -11.892645567655563 93520
1712703857875 -11.55339652299881 94128
1712703859390 -11.729138284921646 94592
1712703860229 -11.483845084905624 94952
1712703861540 -11.822993844747543 95032
1712703862291 -12.061868578195572 95240
1712703863162 -12.416543930768967 95712
1712703863893 -12.369030058383942 95880
1712703864671 -12.516325443983078 96216
1712703865418 -12.449665904045105 96408
1712703866240 -12.76350823044777 96600
1712703868321 -12.988161236047745 97520
1712703869031 -13.136687904596329 97584
1712703870554 -13.273702025413513 98160
1712703871249 -13.185862481594086 98336
1712703871880 -13.409556955099106 98576
1712703872642 -13.37169924378395 98912
1712703874004 -13.729014366865158 99424
1712703874758 -13.79663348197937 99760
1712703875560 -14.044373244047165 99880
1712703878510 -14.283696442842484 100408
1712703880005 -14.444172948598862 100920
1712703880929 -14.909992545843124 101136
1712703882475 -15.059811294078827 101712
1712703883322 -15.415319204330444 102080
1712703884132 -15.58970820903778 102160
1712703884986 -15.432427734136581 102504
1712703885838 -15.778605163097382 102784
1712703886641 -16.319741517305374 102920
1712703887543 -16.131126940250397 103208
1712703888905 -16.95429414510727 103704
1712703889953 -17.029625177383423 104096
1712703891517 -17.56289368867874 104528
1712703893027 -17.592272460460663 105032
1712703893924 -18.045363187789917 105232
1712703895467 -18.22243955731392 105736
1712703897002 -18.433858036994934 106304
1712703898658 -18.971007227897644 106912
1712703900022 -19.829956352710724 107360
1712703900827 -19.716835618019104 107608
1712703902202 -20.05402785539627 108248
1712703902956 -20.572207272052765 108376
1712703904510 -21.027044355869293 108880
1712703905335 -21.08762514591217 109128
1712703906226 -22.000888526439667 109384
1712703907231 -21.86643648147583 109752
1712703908717 -22.69331657886505 110104
1712703910980 -23.458021581172943 110880
1712703912087 -23.52661484479904 111240
1712703913636 -23.645922899246216 111760
1712703915117 -24.195666313171387 112200
1712703917348 -24.873689353466034 113000
1712703921094 -26.434738874435425 114256
1712703922068 -26.455690443515778 114456
1712703923575 -27.149784982204437 114952
1712703925374 -27.615643620491028 115592
1712703926278 -27.890652656555176 115800
1712703927846 -28.325825452804565 116248
1712703928679 -28.45312237739563 116552
1712703929433 -28.626856446266174 116976
1712703930183 -28.869291186332703 117088
1712703931076 -29.275477349758148 117432
1712703931687 -29.573706209659576 117576
1712703932628 -29.79867821931839 117840
1712703933408 -30.307090759277344 118224
1712703934237 -30.054103791713715 118392
1712703935578 -30.345884203910828 118808
1712703936357 -30.91962593793869 119072
1712703937196 -31.095226883888245 119456
1712703938676 -31.293774366378784 119872
1712703939386 -31.9580118060112 120128
1712703940035 -31.779942333698273 120464
1712703940827 -32.48806047439575 120784
1712703941561 -32.33183836936951 120848
1712703942476 -32.7091178894043 121104
1712703943443 -33.12563598155975 121552
1712703944421 -33.50064539909363 121728
1712703945216 -33.71159791946411 121912
1712703946069 -33.93570804595947 122192
1712703946956 -34.133216977119446 122392
1712703947946 -34.35723114013672 122632
1712703949022 -34.8692764043808 122952
1712703950152 -35.3866171836853 123296
1712703951123 -35.425740242004395 123608
1712703952007 -35.74848544597626 123704
1712703953010 -36.44900453090668 124024
1712703953921 -36.292816519737244 124272
1712703954985 -36.463895320892334 124464
1712703955844 -36.37697637081146 124768
1712703956888 -37.38151931762695 124992
1712703958575 -37.950217843055725 125496
1712703959653 -38.32762610912323 125712
1712703960663 -38.598018288612366 126104
1712703961640 -39.07158970832825 126224
1712703962709 -39.08461368083954 126496
1712703963622 -39.720826745033264 126752
1712703964708 -40.223944902420044 126992
1712703965715 -40.03382587432861 127312
1712703966693 -40.7706481218338 127496
1712703967786 -41.30307340621948 127936
1712703968494 -41.51682114601135 128048
1712703969436 -41.814706325531006 128272
1712703970436 -42.02299642562866 128680
1712703971204 -42.761738657951355 128824
1712703972181 -43.05882382392883 129112
1712703972978 -43.7398247718811 129328
1712703974114 -44.314826011657715 129704
1712703974852 -43.928545117378235 129872
1712703975821 -44.70686721801758 130056
1712703976815 -44.858234167099 130432
1712703977613 -45.421870946884155 130576
1712703978660 -46.00615584850311 130848
1712703979478 -46.115437507629395 131120
1712703981384 -46.682371497154236 131432
1712703982217 -46.86634123325348 131688
1712703983252 -47.55774784088135 131848
1712703984072 -48.00424790382385 132144
1712703985120 -48.31905162334442 132400
1712703986020 -48.94748318195343 132704
1712703986870 -49.31487739086151 132888
1712703987650 -49.42756450176239 133128
1712703988437 -50.52082049846649 133400
1712703989510 -50.90516901016235 133688
1712703990340 -51.2337030172348 133944
1712703991488 -51.65667009353638 134152
1712703992515 -52.02961003780365 134520
1712703993556 -52.36447894573212 134712
1712703994463 -53.06626319885254 134928
1712703995542 -53.00202298164368 135200
1712703996528 -53.683613777160645 135464
1712703997513 -54.222121596336365 135728
1712703998588 -54.89179253578186 136008
1712703999498 -55.353683948516846 136216
1712704000573 -55.629841327667236 136464
1712704002273 -55.91156816482544 136968
1712704003197 -56.724435567855835 137224
1712704004349 -56.86878430843353 137536
1712704005270 -57.78681766986847 137776
1712704006282 -57.610588788986206 138056
1712704007118 -57.67354595661163 138264
1712704008281 -58.545804142951965 138576
1712704009091 -58.0628547668457 138800
1712704009838 -58.8991459608078 139016
1712704010973 -59.142741560935974 139336
1712704011899 -59.221665382385254 139544
1712704012988 -59.48352015018463 139800
1712704014052 -59.6273113489151 140080
1712704015033 -59.99370741844177 140360
1712704015818 -60.12700295448303 140648
1712704016589 -60.43506443500519 140808
1712704017476 -60.60620939731598 141080
1712704018382 -60.755666971206665 141336
1712704019286 -61.03969430923462 141600
1712704020273 -61.47391080856323 141880
1712704021172 -61.422728419303894 142136
1712704022151 -61.2864625453949 142440
1712704023144 -61.400686502456665 142704
1712704024049 -61.941354513168335 142976
1712704024914 -61.68394994735718 143248
1712704025613 -61.64846658706665 143384
1712704026688 -62.15037763118744 143632
1712704027691 -62.00660789012909 143920
1712704028654 -62.16498637199402 144136
1712704029672 -61.897223234176636 144400
1712704030757 -62.16444528102875 144704
1712704031811 -62.41166150569916 144936
1712704032816 -62.57747256755829 145192
1712704033812 -62.67889893054962 145432
1712704034985 -63.272695779800415 145752
1712704035979 -63.09477376937866 145984
1712704037024 -63.45489978790283 146200
1712704037856 -63.22858202457428 146448
1712704038845 -63.87620759010315 146736
1712704039670 -63.68422472476959 147000
1712704040801 -64.21743643283844 147336
1712704042213 -64.54317104816437 147608
1712704043200 -64.45949399471283 147760
1712704044253 -64.7757054567337 148008
1712704045231 -64.8323392868042 148240
1712704046207 -64.91455960273743 148496
1712704047199 -65.28935766220093 148808
1712704048181 -65.17349290847778 149008
1712704049358 -65.35707211494446 149472
1712704050164 -65.51004981994629 149584
1712704051143 -65.46651756763458 149776
1712704052365 -65.94027292728424 150048
1712704053401 -66.3403069972992 150296
1712704054386 -66.12717318534851 150608
1712704055169 -66.25532531738281 150816
1712704056138 -66.28870058059692 151240
1712704056742 -66.72922444343567 151328
1712704057706 -66.82091736793518 151576
1712704058697 -67.01224851608276 151856
1712704059517 -67.22584104537964 152168
1712704060539 -67.25562524795532 152480
1712704061256 -67.5864052772522 152768
1712704062216 -67.53852915763855 152872
1712704063126 -67.98061919212341 153104
1712704064063 -67.82477712631226 153432
1712704065021 -68.14507102966309 153800
1712704065646 -68.02923274040222 153944
1712704066620 -68.52084565162659 154128
1712704067510 -68.60670065879822 154400
1712704068265 -69.05872583389282 154680
1712704069336 -68.99254655838013 155008
1712704070065 -69.26496124267578 155272
1712704071013 -69.68011450767517 155400
1712704073161 -69.81341361999512 156016
1712704074173 -70.12641310691833 156184
1712704075178 -70.52786445617676 156664
1712704075896 -70.61931037902832 156688
1712704077907 -71.07930088043213 157304
1712704078785 -71.08938837051392 157456
1712704080704 -71.4632260799408 157960
1712704082803 -72.03320789337158 158704
1712704083584 -72.54823017120361 158728
1712704085602 -72.43932390213013 159384
1712704086550 -72.53949785232544 159504
1712704088411 -73.12531518936157 160064
1712704089543 -73.63750743865967 160280
1712704090571 -73.92066669464111 160744
1712704091319 -73.86567711830139 160784
1712704092407 -74.13448476791382 161056
1712704093465 -74.10135817527771 161504
1712704094268 -73.9814989566803 161544
1712704095417 -74.90088534355164 161840
1712704096358 -74.69834995269775 162200
1712704097326 -75.01807141304016 162320
1712704098405 -75.04132056236267 162632
1712704099242 -75.43353581428528 162904
1712704100220 -75.75885248184204 163128
1712704101281 -76.02297639846802 163368
1712704102098 -76.35530233383179 163616
1712704103159 -76.46727228164673 163864
1712704104254 -76.26524829864502 164312
1712704105127 -76.7216854095459 164432
1712704106116 -76.85210728645325 164624
1712704107141 -77.0493483543396 165040
1712704108027 -77.34767985343933 165152
1712704109015 -77.53386545181274 165424
1712704109932 -77.75527334213257 165744
1712704110901 -77.80411577224731 165928
1712704111975 -77.97936844825745 166200
1712704112791 -78.36684656143188 166424
1712704113855 -78.4207968711853 166672
1712704115032 -78.95379781723022 167088
1712704115938 -78.79196572303772 167240
1712704116919 -79.09221243858337 167488
1712704117895 -79.22624683380127 167752
1712704118848 -79.54589891433716 167952
1712704119941 -79.70315361022949 168232
1712704120766 -79.85023498535156 168456
1712704121756 -80.1607494354248 168840
1712704122561 -80.21824645996094 168984
1712704123450 -80.58751654624939 169272
1712704124323 -80.83405017852783 169512
1712704125270 -81.0139696598053 169760
1712704126249 -80.99700284004211 170024
1712704127117 -81.4024875164032 170336
1712704128022 -81.5213987827301 170608
1712704128905 -81.86441159248352 170848
1712704129787 -81.81297254562378 171088
1712704130673 -82.09768295288086 171344
1712704131557 -82.10231566429138 171600
1712704132439 -82.70937514305115 171800
1712704133280 -82.57184314727783 172040
1712704134302 -82.91050004959106 172368
1712704135189 -82.86072015762329 172640
1712704136089 -83.04564094543457 172848
1712704136971 -83.06271982192993 173072
1712704138028 -83.29386639595032 173360
1712704139014 -83.06333255767822 173616
1712704140081 -83.2621374130249 173944
1712704141065 -83.39925932884216 174168
1712704141976 -83.62799739837646 174400
1712704142930 -83.99214744567871 174608
1712704144006 -83.64135456085205 174920
1712704144977 -84.00017929077148 175112
1712704145978 -84.28291296958923 175448
1712704146785 -84.02623891830444 175688
1712704147676 -84.42371559143066 175928
1712704148661 -84.561514377594 176224
1712704149522 -84.42362093925476 176440
1712704151099 -84.84431433677673 176712
1712704151964 -84.76387643814087 177000
1712704152942 -84.9820830821991 177224
1712704154006 -84.85404300689697 177576
1712704154782 -84.95978426933289 177672
1712704155901 -85.10893440246582 177928
1712704156855 -85.04683423042297 178224
1712704157837 -85.19666838645935 178456
1712704159013 -85.32490563392639 178880
1712704159817 -85.3552474975586 178992
1712704160954 -85.28162598609924 179232
1712704161869 -85.46944808959961 179504
1712704162871 -85.50138926506042 179752
1712704163876 -85.37647652626038 179984
1712704165040 -85.64716672897339 180304
1712704166191 -85.73833441734314 180496
1712704167319 -85.88839387893677 180784
1712704168301 -85.78437161445618 181016
1712704169403 -85.89265513420105 181304
1712704170263 -85.81368470191956 181616
1712704171264 -85.83451914787292 181808
1712704172318 -85.83535265922546 182040
1712704173830 -85.72548389434814 182304
1712704174850 -86.0045256614685 182544
1712704175946 -85.99132204055786 182896
1712704176933 -86.11600303649902 183088
1712704178005 -86.14285635948181 183336
1712704178984 -86.20384693145752 183576
1712704179992 -85.94480204582214 183816
1712704181068 -86.03443431854248 184168
1712704182037 -86.15949606895447 184360
1712704183079 -86.26692461967468 184648
1712704183975 -86.31946873664856 184840
1712704185141 -86.2529661655426 185168
1712704186361 -86.20358157157898 185488
1712704187298 -86.24424576759338 185656
1712704188146 -86.26404142379761 185864
1712704189200 -86.22623491287231 186152
1712704190229 -86.2931592464447 186464
1712704191193 -86.2977147102356 186816
1712704192042 -86.45143437385559 186920
1712704192991 -86.26173090934753 187256
1712704193838 -86.2012836933136 187488
1712704194822 -86.36884069442749 187768
1712704195709 -86.25116467475891 187944
1712704196592 -86.18026757240295 188184
1712704197500 -86.23410129547119 188456
1712704199517 -86.11783218383789 188736
1712704200564 -86.33373594284058 189048
1712704201338 -86.14816951751709 189208
1712704202190 -86.04299926757812 189448
1712704203584 -86.06179523468018 189760
1712704205100 -86.02819418907166 190064
1712704206671 -86.06737446784973 190336
1712704207522 -86.0538809299469 190520
1712704208404 -86.01214838027954 190752
1712704209416 -86.01917862892151 190984
1712704210390 -85.97192692756653 191288
1712704211569 -85.99111199378967 191616
1712704212376 -85.84376096725464 191816
1712704213212 -85.80501174926758 192040
1712704214340 -85.81949234008789 192464
1712704215468 -85.81772994995117 192712
1712704216390 -85.67728900909424 192864
1712704217149 -85.89542007446289 193096
1712704218076 -85.66651797294617 193352
1712704219236 -85.53711414337158 193696
1712704220033 -85.50443387031555 194000
1712704220886 -85.48252630233765 194200
1712704221509 -85.59836959838867 194344
1712704222435 -85.52655410766602 194680
1712704223398 -85.40439915657043 194864
1712704224230 -85.33879971504211 195112
1712704225134 -85.30561208724976 195336
1712704226135 -85.30402064323425 195664
1712704227061 -85.26897740364075 195952
1712704227939 -85.20398092269897 196120
1712704228759 -85.15322732925415 196392
1712704229715 -85.19847512245178 196640
1712704230506 -85.2051990032196 196960
1712704231284 -85.19999289512634 197176
1712704232142 -85.27760791778564 197416
1712704232967 -85.19529414176941 197680
1712704233899 -85.0532898902893 197928
1712704234785 -84.93956017494202 198296
1712704235558 -85.02098083496094 198448
1712704236533 -84.9108955860138 198728
1712704237284 -84.96093440055847 198968
1712704238255 -84.87844514846802 199192
1712704239133 -84.91944241523743 199592
1712704239936 -84.94101095199585 199704
1712704241326 -84.86884188652039 200000
1712704242193 -84.75615692138672 200248
1712704243235 -84.7255506515503 200496
1712704244244 -84.78743433952332 200896
1712704245261 -84.99762916564941 200968
1712704246264 -88.21488738059998 201288
1712704247272 -88.96725177764893 201520
1712704248141 -88.63787341117859 201904
1712704249734 -88.21700859069824 202400
1712704250539 -88.07780981063843 202520
1712704251388 -87.58749651908875 202864
1712704261810 -85.71938347816467 206824
1712704263757 -85.23476457595825 207592
1712704267604 -84.53104829788208 209080
1712704268302 -84.36685919761658 209280
1712704268933 -84.44303631782532 209512
1712704271085 -83.67451977729797 210512
1712704271731 -83.79637241363525 210856
1712704279236 -82.68268418312073 213576
1712704282891 -82.29568433761597 214816
1712704284849 -82.28513193130493 215584
1712704285641 -82.14368057250977 215992
1712704287482 -82.00290870666504 216504
1712704288837 -81.80507755279541 217072
1712704289558 -81.74753832817078 217104
1712704290435 -81.60796785354614 217504
1712704293351 -81.33616089820862 218504
1712704301081 -80.20367193222046 221568
1712704306130 -79.38376832008362 223576
1712704306888 -79.18844294548035 223984
1712704308232 -79.11301803588867 224496
1712704310172 -78.58884811401367 225064
1712704311018 -78.5235903263092 225496
1712704313615 -78.58371663093567 226496
1712704314995 -78.10861277580261 227064
1712704316437 -77.73252868652344 227472
1712704321102 -76.99834990501404 229376
1712704327607 -75.77650618553162 231568
1712704330431 -75.64702939987183 232488
1712704331877 -75.45644283294678 233056
1712704332804 -75.18537640571594 233232
1712704335450 -74.75769877433777 234488
1712704337979 -74.14841175079346 235464
1712704342352 -72.88361978530884 237112
1712704348107 -71.72296595573425 239560
1712704350644 -71.14107489585876 240480
1712704351866 -70.72801041603088 241048
1712704352613 -70.47838973999023 241224
1712704358298 -69.22984671592712 243456
1712704363335 -67.47967481613159 245104
1712704367674 -66.31210398674011 246664
1712704369960 -65.5048166513443 247552
1712704372242 -66.48948121070862 248296
1712704373018 -66.34491729736328 248336
1712704374058 -66.40858268737793 248600
1712704375557 -65.91201972961426 249136
1712704376465 -65.9198215007782 249424
1712704378654 -65.33160734176636 250000
