1712703606881 0.0031239841709975735 7992
1712703621875 0.002231443521395704 13328
1712703624154 0.0026972621108143358 14272
1712703624962 0.003176769979290839 14464
1712703628655 2.4661837019739323 15872
1712703629462 5.519256094012235 15984
1712703632578 0.6121820761327399 17000
1712703633435 1.2101686448295368 17392
1712703641321 2.3147374267718988 20104
1712703642158 2.3122091789991828 20288
1712703643751 3.4038397886033636 20984
1712703645104 5.018547339423094 21280
1712703645868 4.430098135722801 21648
1712703647217 2.719096375221852 22104
1712703647997 3.1888527888222598 22456
1712703648815 4.73746843347908 22768
1712703651961 5.898469426902011 23864
1712703652847 5.242362704826519 24144
1712703653601 3.3912148425588384 24352
1712703654275 7.545870904694311 24640
1712703655005 7.764457175973803 24896
1712703656508 5.523317247163504 25528
1712703658514 6.045190297067165 26168
1712703660221 4.335613518254831 26712
1712703661793 5.573543951380998 27232
1712703663405 7.846124446950853 27800
1712703664351 8.538021846674383 27984
1712703665737 6.109120872337371 28584
1712703667688 5.681801649276167 29296
1712703668536 4.879981405334547 29568
1712703670048 4.101004002150148 30072
1712703671048 4.527115468168631 30216
1712703672099 2.661487365840003 30560
1712703672895 5.087450875900686 30736
1712703673754 4.233431551605463 31008
1712703675311 5.348739231005311 31600
1712703676848 4.386793085373938 32200
1712703679140 2.427631672937423 32880
1712703679994 3.341355333570391 33240
1712703682973 2.717186365276575 34096
1712703683714 2.886156039312482 34408
1712703687599 1.6060807490721345 35912
1712703688814 1.914770864881575 36384
1712703690062 1.2496063932776451 37032
1712703690784 1.4822111865505576 37152
1712703692780 0.8232400538399816 38120
1712703693504 1.0187842585146427 38280
1712703694863 0.7995064165443182 38776
1712703696282 0.7830202495679259 39176
1712703697017 0.7635754346847534 39480
1712703699187 0.6826712740585208 40368
1712703700061 0.6533374423161149 40528
1712703700987 0.6597329620271921 40816
1712703701810 0.7099570175632834 41032
1712703704817 0.6454022638499737 42152
1712703705620 0.6528363283723593 42304
1712703707277 0.6867109788581729 42888
1712703708836 0.7292198184877634 43392
1712703709682 0.7557939942926168 43632
1712703710510 0.7531423307955265 43936
1712703711434 0.7947631776332855 44152
1712703712999 0.7682208484038711 44800
1712703714520 0.8146105399355292 45192
1712703716064 0.9166601113975048 45672
1712703716894 0.9572279481217265 45920
1712703717739 0.897569827735424 46256
1712703720016 1.0440421011298895 47104
1712703720827 1.0049427319318056 47192
1712703721624 0.9751357939094305 47368
1712703723149 0.9154911898076534 47904
1712703724085 1.2044272385537624 48240
1712703725561 1.0250289067626 48664
1712703726509 1.1336171310395002 49048
1712703727716 1.1969852149486542 49496
1712703728475 1.093185093253851 49776
1712703734843 1.3279056269675493 50000
1712703736227 1.2296528182923794 50328
1712703736978 1.1754854917526245 50440
1712703738404 1.2623224556446075 51200
1712703739168 1.3492044433951378 51360
1712703740634 1.2170441467314959 51888
1712703742013 1.265137018635869 52408
1712703742753 1.3288772776722908 52632
1712703744735 1.317574824206531 53352
1712703745610 1.330587301403284 53528
1712703748836 1.6089678220450878 54872
1712703750941 1.2068099118769169 55608
1712703751868 1.5998154636472464 56032
1712703753867 1.3662308305501938 56816
1712703754602 1.5603181142359972 57040
1712703756424 1.3171554505825043 57392
1712703758464 1.7407072987407446 58144
1712703759747 1.5738637894392014 58768
1712703760403 1.4868060555309057 59096
1712703761001 1.548757005482912 59144
1712703763175 1.5536760669201612 60216
1712703763996 1.734852533787489 60504
1712703765416 1.5740827191621065 61024
1712703766766 1.5908231250941753 61472
1712703767577 1.7708316147327423 61712
1712703769048 1.7511931285262108 62288
1712703769832 1.5167096108198166 62696
1712703770936 1.599461866542697 63016
1712703771585 1.5436175595968962 63376
1712703774212 1.3230851143598557 64352
1712703775045 1.2243007719516754 64616
1712703775856 1.357192611321807 64808
1712703779719 1.2140122381970286 66528
1712703780449 1.2099990900605917 66736
1712703781160 1.5092304833233356 66912
1712703781978 1.3873787000775337 67208
1712703782778 1.582684362307191 67368
1712703784114 1.9877277445048094 67912
1712703785623 1.531491106376052 68424
1712703787822 1.6422400176525116 69128
1712703789211 1.5091548766940832 69744
1712703789986 1.4161091446876526 70136
1712703790701 1.479477172717452 70232
1712703795293 1.4691506046801805 72160
1712703796019 1.3772231424227357 72240
1712703796840 1.9326060377061367 72544
1712703799017 1.5264583826065063 73312
1712703804144 1.2206568028777838 75112
1712703805114 1.720227662473917 75296
1712703809542 1.5493493601679802 76872
1712703811808 1.1694504525512457 77736
1712703813208 1.3425081046298146 78224
1712703814623 1.515819013118744 78696
1712703815998 1.3984856717288494 79320
1712703816722 1.3662011958658695 79504
1712703819296 1.1814713682979345 80560
1712703820031 1.7975718025118113 80800
1712703820758 1.4650803115218878 81016
1712703822684 1.4544109907001257 81792
1712703825219 1.0850875116884708 82784
1712703826651 1.9147594776004553 83344
1712703827375 1.4018856883049011 83616
1712703828725 1.4855892583727837 84160
1712703829639 1.6872387193143368 84352
1712703830896 1.402101969346404 84960
1712703833163 1.756279345601797 85728
1712703834715 1.6958999708294868 86216
1712703835534 1.5568885430693626 86352
1712703839183 1.2211543880403042 87672
1712703842904 2.4496418181806803 88952
1712703843745 2.167056730017066 89216
1712703845290 1.9753405377268791 89688
1712703846217 2.2979784682393074 90080
1712703846991 2.3404189571738243 90136
1712703848581 2.5742454640567303 90680
1712703849472 2.7410920783877373 91064
1712703856346 4.210743114352226 93520
1712703857885 4.107372127473354 94128
1712703859400 3.734271414577961 94592
1712703860841 3.8747919276356697 94952
1712703861550 3.410807766020298 95032
1712703862302 3.6289082691073418 95240
1712703863171 4.4068834483623505 95712
1712703863902 3.8491710424423218 95880
1712703864683 4.078910700976849 96216
1712703865428 3.689568020403385 96408
1712703866249 3.8388269394636154 96600
1712703868331 3.8355082347989082 97520
1712703869041 3.587666444480419 97584
1712703870564 3.8121377304196358 98160
1712703871260 3.272137615829706 98336
1712703871889 3.8947247862815857 98576
1712703872653 3.810644067823887 98912
1712703874015 4.027846444398165 99424
1712703874768 4.268745228648186 99760
1712703875570 3.74908397346735 99880
1712703878519 3.694210212677717 100408
1712703880015 4.277453288435936 100920
1712703880939 4.61708390340209 101136
1712703882485 4.63760344684124 101712
1712703883332 4.537813872098923 102080
1712703884142 3.947025205940008 102160
1712703884996 4.312305945903063 102504
1712703885848 5.940606128424406 102784
1712703886651 4.992237009108067 102920
1712703887582 6.16688285022974 103208
1712703889043 4.4491866156458855 103704
1712703889963 3.648532494902611 104096
1712703891527 3.796474527567625 104528
1712703893037 5.850702028721571 105032
1712703893933 4.335912209004164 105232
1712703895480 4.086137406527996 105736
1712703897012 4.84779280424118 106304
1712703898670 4.610191311687231 106912
1712703900032 5.221768774092197 107360
1712703900836 5.016664922237396 107608
1712703902212 4.531447343528271 108248
1712703902966 3.6330913677811623 108376
1712703904520 4.3932579308748245 108880
1712703905345 4.107774525880814 109128
1712703906236 4.682272955775261 109384
1712703907241 4.853428136557341 109752
1712703908727 4.563836306333542 110104
1712703910990 4.149014670401812 110880
1712703912097 4.369916059076786 111240
1712703913646 4.5008871629834175 111760
1712703915127 4.342703320086002 112200
1712703917361 4.0839438661932945 113000
1712703921104 3.745474886149168 114256
1712703922079 3.692040339112282 114456
1712703923585 2.485021401196718 114952
1712703925387 3.5123690105974674 115592
1712703926287 3.248953178524971 115800
1712703927855 3.9523222595453262 116248
1712703928689 3.834223110228777 116552
1712703929443 3.524535521864891 116976
1712703930193 3.6400288082659245 117088
1712703931086 4.242522813379765 117432
1712703931700 3.548216138035059 117576
1712703932638 3.5571746714413166 117840
1712703933418 2.9681494310498238 118224
1712703934247 3.4912169873714447 118392
1712703935587 3.192036833614111 118808
1712703936367 3.5195366851985455 119072
1712703937206 3.878501132130623 119456
1712703938685 3.069711420685053 119872
1712703939396 4.161471955478191 120128
1712703940045 3.5450883358716965 120464
1712703940837 3.6638617292046547 120784
1712703941570 4.264500256627798 120848
1712703942486 3.3268044404685497 121104
1712703943454 3.052674662321806 121552
1712703944430 4.588383011519909 121728
1712703945226 3.345210287719965 121912
1712703946079 3.4713528230786324 122192
1712703946966 3.028096057474613 122392
1712703947956 3.716471415013075 122632
1712703949032 4.092254200950265 122952
1712703950163 3.455775573849678 123296
1712703951134 4.060872416943312 123608
1712703952017 3.5435991659760475 123704
1712703953019 3.718970287591219 124024
1712703953931 3.4066159781068563 124272
1712703954995 3.2942512445151806 124464
1712703955854 2.5837936773896217 124768
1712703956897 3.8168944381177425 124992
1712703958584 3.036656115204096 125496
1712703959663 3.5111564863473177 125712
1712703960673 3.917486483231187 126104
1712703961650 2.8352942187339067 126224
1712703962722 2.673955425620079 126496
1712703963631 3.93063435703516 126752
1712703964718 3.124588394537568 126992
1712703965724 2.917175715789199 127312
1712703966703 3.544382583349943 127496
1712703967796 3.0664429366588593 127936
1712703968503 3.3034616764634848 128048
1712703969446 3.3955070916563272 128272
1712703970449 3.154557203873992 128680
1712703971217 3.32959564588964 128824
1712703972195 3.1919581554830074 129112
1712703972988 2.6946456506848335 129328
1712703974125 3.496855653822422 129704
1712703974862 3.2509907372295856 129872
1712703975831 3.426773961633444 130056
1712703976824 2.874630995094776 130432
1712703977622 3.2397271394729614 130576
1712703978671 3.0300936941057444 130848
1712703979491 3.5969383493065834 131120
1712703981394 3.325688224285841 131432
1712703982230 3.050684427842498 131688
1712703983262 2.8332780711352825 131848
1712703984081 3.732510272413492 132144
1712703985129 2.8203708212822676 132400
1712703986030 3.7322627250105143 132704
1712703986880 3.285860253497958 132888
1712703987660 3.8434009477496147 133128
1712703988447 4.0972213707864285 133400
1712703989519 4.091717706993222 133688
1712703990351 3.8733553551137447 133944
1712703991498 3.6862407829612494 134152
1712703992525 4.392189238220453 134520
1712703993566 4.364630296826363 134712
1712703994474 4.684223230928183 134928
1712703995553 4.533082325011492 135200
1712703996539 4.194296266883612 135464
1712703997523 5.772642694413662 135728
1712703998598 3.668097596615553 136008
1712703999508 4.864923976361752 136216
1712704000582 4.300181057304144 136464
1712704002284 3.6144013833254576 136968
1712704003209 5.279906868934631 137224
1712704004359 4.601019369438291 137536
1712704005279 4.142637073993683 137776
1712704006295 4.592875719070435 138056
1712704007129 3.6898494511842728 138264
1712704008291 3.924384221434593 138576
1712704009101 4.611677747219801 138800
1712704009848 4.294892191886902 139016
1712704010984 4.696023412048817 139336
1712704011909 4.391782488673925 139544
1712704012997 4.017982464283705 139800
1712704014062 4.493797954171896 140080
1712704015043 4.092273373156786 140360
1712704015828 4.157907135784626 140648
1712704016600 4.804480254650116 140808
1712704017485 4.589329220354557 141080
1712704018394 4.202226731926203 141336
1712704019295 4.473899591714144 141600
1712704020282 3.8464441932737827 141880
1712704021182 4.998692087829113 142136
1712704022161 4.049046754837036 142440
1712704023153 4.5843236073851585 142704
1712704024060 4.578920342028141 142976
1712704024923 4.593332771211863 143248
1712704025624 4.2031721621751785 143384
1712704026699 4.212920423597097 143632
1712704027701 4.1683788895606995 143920
1712704028664 3.991791434586048 144136
1712704029682 4.1157552897930145 144400
1712704030767 3.958031754940748 144704
1712704031820 3.3566737733781338 144936
1712704032826 3.806809116154909 145192
1712704033822 3.3341971673071384 145432
1712704034995 4.333058502525091 145752
1712704035989 3.6797808296978474 145984
1712704037035 4.004425585269928 146200
1712704037866 3.4704898484051228 146448
1712704038855 3.676078423857689 146736
1712704039680 3.9078106097877026 147000
1712704040810 3.5860895961523056 147336
1712704042223 3.6232196539640427 147608
1712704043210 3.7015410028398037 147760
1712704044264 3.6349021643400192 148008
1712704045241 3.763226255774498 148240
1712704046217 3.4594289548695087 148496
1712704047209 3.5849867090582848 148808
1712704048190 3.316354587674141 149008
1712704049368 3.264906018972397 149472
1712704050174 3.4116792790591717 149584
1712704051153 3.0667993500828743 149776
1712704052378 3.1519091799855232 150048
1712704053410 3.509801968932152 150296
1712704054396 3.0683912187814713 150608
1712704055179 2.969297181814909 150816
1712704056148 2.7012600153684616 151240
1712704056754 2.9403830654919147 151328
1712704057715 3.054764360189438 151576
1712704058710 2.989833153784275 151856
1712704059527 2.6576322838664055 152168
1712704060548 2.853988252580166 152480
1712704061267 2.884681198745966 152768
1712704062226 2.8998719416558743 152872
1712704063136 2.7768927477300167 153104
1712704064074 2.574232801795006 153432
1712704065031 2.613642405718565 153800
1712704065655 2.6229300536215305 153944
1712704066630 2.786741729825735 154128
1712704067520 2.5843260250985622 154400
1712704068274 2.628643374890089 154680
1712704069345 2.7874612361192703 155008
1712704070075 2.4650089628994465 155272
1712704071023 2.464925579726696 155400
1712704073172 2.591075759381056 156016
1712704074185 2.4099705889821053 156184
1712704075188 2.624941200017929 156664
1712704075906 2.3388932906091213 156688
1712704077919 2.4038401059806347 157304
1712704078795 2.2992039509117603 157456
1712704080714 2.174077842384577 157960
1712704082812 2.596157982945442 158704
1712704083594 2.265663370490074 158728
1712704085612 2.412877433001995 159384
1712704086558 2.1920690797269344 159504
1712704088421 2.3353435955941677 160064
1712704089553 2.193317223340273 160280
1712704090581 2.0594030804932117 160744
1712704091329 2.305266659706831 160784
1712704092417 2.177139826118946 161056
1712704093475 2.2291254177689552 161504
1712704094278 2.109041702002287 161544
1712704095427 2.074063930660486 161840
1712704096368 2.137737665325403 162200
1712704097337 2.1240936778485775 162320
1712704098418 2.036279384046793 162632
1712704099252 2.1684436835348606 162904
1712704100230 2.0584965646266937 163128
1712704101291 2.050976675003767 163368
1712704102107 2.056383650749922 163616
1712704103169 1.9749226868152618 163864
1712704104264 1.9606045372784138 164312
1712704105137 1.8523714020848274 164432
1712704106126 1.9367060251533985 164624
1712704107151 2.0173968076705933 165040
1712704108037 1.7244479171931744 165152
1712704109025 1.9300726763904095 165424
1712704109942 1.9171534962952137 165744
1712704110911 1.8774290084838867 165928
1712704111987 1.7649070546030998 166200
1712704112801 1.882057923823595 166424
1712704113865 1.7222263496369123 166672
1712704115042 1.8195476159453392 167088
1712704115948 1.9118590541183949 167240
1712704116931 1.8859436381608248 167488
1712704117904 1.7821810562163591 167752
1712704118859 1.9515857733786106 167952
1712704119951 1.7151543498039246 168232
1712704120776 1.8290708549320698 168456
1712704121767 1.4256183598190546 168840
1712704122571 1.915153270587325 168984
1712704123460 1.595762912184 169272
1712704124333 1.813124105334282 169512
1712704125280 1.5276980102062225 169760
1712704126259 1.5310535430908203 170024
1712704127127 1.2901707980781794 170336
1712704128032 1.3717317320406437 170608
1712704128915 1.3342276364564896 170848
1712704129800 1.3025232329964638 171088
1712704130682 1.5244568921625614 171344
1712704131568 1.5830663833767176 171600
1712704132448 1.3256967011839151 171800
1712704133294 1.3523285053670406 172040
1712704134311 1.5807709842920303 172368
1712704135199 1.214968279004097 172640
1712704136099 1.3978396225720644 172848
1712704136981 1.1683838367462158 173072
1712704138038 1.2383275348693132 173360
1712704139024 1.1408706530928612 173616
1712704140091 0.9585978258401155 173944
1712704141075 0.9004749413579702 174168
1712704141988 1.044116334989667 174400
1712704142940 1.0789779853075743 174608
1712704144016 0.8843391593545675 174920
1712704144987 1.0252247955650091 175112
1712704145989 0.9347319267690182 175448
1712704146794 0.8746310137212276 175688
1712704147686 0.8759651258587837 175928
1712704148671 0.8119617998600006 176224
1712704149531 0.9184141159057617 176440
1712704151109 0.6892977217212319 176712
1712704151974 0.7149816490709782 177000
1712704152952 0.7841691644862294 177224
1712704154016 1.1474333023652434 177576
1712704154791 0.7819432709366083 177672
1712704155910 0.7752690874040127 177928
1712704156865 0.6387179354205728 178224
1712704157847 0.6420579729601741 178456
1712704159023 0.8649713536724448 178880
1712704159827 0.6622731508687139 178992
1712704160964 0.6553181642666459 179232
1712704161882 0.7241892861202359 179504
1712704162890 0.5629289112985134 179752
1712704163887 0.5633180309087038 179984
1712704165058 0.8261257028207183 180304
1712704166202 0.7861903868615627 180496
1712704167333 0.7990423375740647 180784
1712704168312 0.6162963742390275 181016
1712704169415 0.5570292547345161 181304
1712704170273 0.6944235619157553 181616
1712704171276 0.5545264510437846 181808
1712704172330 0.5921655623242259 182040
1712704173854 0.7157209701836109 182304
1712704174860 0.6189477602019906 182544
1712704175959 0.712189513258636 182896
1712704176945 0.8463665815070271 183088
1712704178016 0.7164302421733737 183336
1712704178995 0.8118506027385592 183576
1712704180006 0.8385523203760386 183816
1712704181082 0.6422206265851855 184168
1712704182145 0.8717067874968052 184360
1712704183089 0.6923081809654832 184648
1712704183987 0.8357433071359992 184840
1712704185151 0.8492112122476101 185168
1712704186373 0.6841830117627978 185488
1712704187309 0.6714971996843815 185656
1712704188157 0.628501939587295 185864
1712704189211 0.6629560608416796 186152
1712704190240 0.6511598210781813 186464
1712704191205 0.6754030240699649 186816
1712704192057 0.631801481358707 186920
1712704193002 0.5705081187188625 187256
1712704193848 0.6444851150736213 187488
1712704194833 0.8960721651092172 187768
1712704195719 0.6728688105940819 187944
1712704196602 0.7740101749077439 188184
1712704197509 0.7802539663389325 188456
1712704199527 0.7133555635809898 188736
1712704200576 0.7699471283704042 189048
1712704201349 0.5957922926172614 189208
1712704202202 0.6124246511608362 189448
1712704203594 0.5661679171025753 189760
1712704205110 0.6228537764400244 190064
1712704206684 0.7347574969753623 190336
1712704207532 0.6207975605502725 190520
1712704208414 0.5538871558383107 190752
1712704209427 0.6747864680364728 190984
1712704210402 0.6148792942985892 191288
1712704211579 0.5536610959097743 191616
1712704212387 0.6670799441635609 191816
1712704213222 0.6478744354099035 192040
1712704214350 0.7374294176697731 192464
1712704215477 0.6609073365107179 192712
1712704216400 0.7740069227293134 192864
1712704217162 0.7387512102723122 193096
1712704218087 0.7184939691796899 193352
1712704219246 0.7197691584005952 193696
1712704220044 0.7177739460021257 194000
1712704220899 0.6133792959153652 194200
1712704221520 0.6490294141694903 194344
1712704222445 0.706411499530077 194680
1712704223407 0.7866564188152552 194864
1712704224243 0.6799232168123126 195112
1712704225143 0.8921694401651621 195336
1712704226147 0.762695524841547 195664
1712704227071 0.82640690356493 195952
1712704227949 0.8463965198025107 196120
1712704228768 0.820299225859344 196392
1712704229725 0.779188091866672 196640
1712704230515 0.6875050477683544 196960
1712704231293 0.6530249267816544 197176
1712704232151 0.7570934509858489 197416
1712704232977 0.6703255586326122 197680
1712704233909 0.9360241051763296 197928
1712704234795 0.8459766078740358 198296
1712704235567 0.9041765434667468 198448
1712704236543 0.8014624482020736 198728
1712704237295 0.8876552321016788 198968
1712704238267 0.6316041043028235 199192
1712704239144 0.903459032997489 199592
1712704239946 0.8072984144091606 199704
1712704241336 0.7687335186637938 200000
1712704242203 0.7237909296527505 200248
1712704243245 0.7843624046072364 200496
1712704244256 1.0101585863158107 200896
1712704245271 1.4019966144114733 200968
1712704246274 2.757513113319874 201288
1712704247282 1.0196877205744386 201520
1712704248151 0.7902622213587165 201904
1712704249745 0.9154152376577258 202400
1712704250552 0.6749469973146915 202520
1712704251398 0.8614739989861846 202864
1712704261820 0.9321686094626784 206824
1712704263768 0.7129883412271738 207592
1712704267615 0.8032960472628474 209080
1712704268311 0.930564128793776 209280
1712704268942 0.9136940632015467 209512
1712704271096 0.7631035689264536 210512
1712704271741 0.821080232039094 210856
1712704279251 0.8530006781220436 213576
1712704282901 0.8785669486969709 214816
1712704284859 0.9259283263236284 215584
1712704285651 0.9112404715269804 215992
1712704287491 0.9849090594798326 216504
1712704288847 1.0276580173522234 217072
1712704289570 0.937123991549015 217104
1712704290448 1.3067476488649845 217504
1712704293361 1.0327872969210148 218504
1712704301093 1.1695777978748083 221568
1712704306143 0.9389536622911692 223576
1712704306897 1.026104824617505 223984
1712704308241 0.9568683076649904 224496
1712704310181 0.9099126309156418 225064
1712704311028 0.8456695210188627 225496
1712704313625 0.9145527957007289 226496
1712704315004 0.9443541783839464 227064
1712704316446 0.8860672861337662 227472
1712704321111 0.7545627551153302 229376
1712704327617 0.772985533811152 231568
1712704330442 0.7325099194422364 232488
1712704331886 0.7462568655610085 233056
1712704332815 0.6902585681527853 233232
1712704335460 0.7362097855657339 234488
1712704337989 0.6858329279348254 235464
1712704342363 0.6190868262201548 237112
1712704348116 0.609194309450686 239560
1712704350653 0.5789515571668744 240480
1712704351876 0.6481843059882522 241048
1712704352622 0.5128190573304892 241224
1712704358308 0.5276648821309209 243456
1712704363344 0.4340182924643159 245104
1712704367683 0.6237364113330841 246664
1712704369970 0.5913499211892486 247552
1712704372253 2.3511005267500877 248296
1712704373028 1.890997003763914 248336
1712704374068 1.4371004402637482 248600
1712704375566 1.2379951905459166 249136
1712704376475 0.9316880609840155 249424
1712704378663 0.796911433339119 250000
