1712703606893 0.10000000149011612 7992
1712703621885 0.10000000149011612 13328
1712703624164 0.10000000149011612 14272
1712703624972 0.10000000149011612 14464
1712703628665 0.10000000149011612 15872
1712703629472 0.10000000149011612 15984
1712703632588 0.10000000149011612 17000
1712703633444 0.10000000149011612 17392
1712703641331 0.10000000149011612 20104
1712703642167 0.10000000149011612 20288
1712703643760 0.10000000149011612 20984
1712703645114 0.10000000149011612 21280
1712703645877 0.10000000149011612 21648
1712703647230 0.10000000149011612 22104
1712703648007 0.10000000149011612 22456
1712703648826 0.10000000149011612 22768
1712703651971 0.10000000149011612 23864
1712703652856 0.10000000149011612 24144
1712703653612 0.10000000149011612 24352
1712703654285 0.10000000149011612 24640
1712703655015 0.10000000149011612 24896
1712703656517 0.10000000149011612 25528
1712703658524 0.10000000149011612 26168
1712703660231 0.10000000149011612 26712
1712703661802 0.10000000149011612 27232
1712703663415 0.10000000149011612 27800
1712703664361 0.10000000149011612 27984
1712703665746 0.10000000149011612 28584
1712703667698 0.10000000149011612 29296
1712703668545 0.10000000149011612 29568
1712703670058 0.10000000149011612 30072
1712703671058 0.10000000149011612 30216
1712703672108 0.10000000149011612 30560
1712703672905 0.10000000149011612 30736
1712703673764 0.10000000149011612 31008
1712703675320 0.10000000149011612 31600
1712703676857 0.10000000149011612 32200
1712703679149 0.10000000149011612 32880
1712703680004 0.10000000149011612 33240
1712703682982 0.10000000149011612 34096
1712703683726 0.10000000149011612 34408
1712703687609 0.10000000149011612 35912
1712703688824 0.10000000149011612 36384
1712703690071 0.10000000149011612 37032
1712703690795 0.10000000149011612 37152
1712703692789 0.10000000149011612 38120
1712703693514 0.10000000149011612 38280
1712703694874 0.10000000149011612 38776
1712703696293 0.10000000149011612 39176
1712703697027 0.10000000149011612 39480
1712703699197 0.10000000149011612 40368
1712703700071 0.10000000149011612 40528
1712703700996 0.10000000149011612 40816
1712703701820 0.10000000149011612 41032
1712703704827 0.10000000149011612 42152
1712703705630 0.10000000149011612 42304
1712703707286 0.10000000149011612 42888
1712703708845 0.10000000149011612 43392
1712703709692 0.10000000149011612 43632
1712703710520 0.10000000149011612 43936
1712703711444 0.10000000149011612 44152
1712703713009 0.10000000149011612 44800
1712703714530 0.10000000149011612 45192
1712703716074 0.10000000149011612 45672
1712703716904 0.10000000149011612 45920
1712703717749 0.10000000149011612 46256
1712703720026 0.10000000149011612 47104
1712703720837 0.10000000149011612 47192
1712703721634 0.10000000149011612 47368
1712703723159 0.10000000149011612 47904
1712703724095 0.10000000149011612 48240
1712703725570 0.10000000149011612 48664
1712703726518 0.10000000149011612 49048
1712703727727 0.10000000149011612 49496
1712703728485 0.10000000149011612 49776
1712703734853 0.10000000149011612 50000
1712703736237 0.10000000149011612 50328
1712703736988 0.10000000149011612 50440
1712703738413 0.10000000149011612 51200
1712703739178 0.10000000149011612 51360
1712703740644 0.10000000149011612 51888
1712703742022 0.10000000149011612 52408
1712703742762 0.10000000149011612 52632
1712703744745 0.10000000149011612 53352
1712703745620 0.10000000149011612 53528
1712703748846 0.10000000149011612 54872
1712703750950 0.10000000149011612 55608
1712703751878 0.10000000149011612 56032
1712703753876 0.10000000149011612 56816
1712703754614 0.10000000149011612 57040
1712703756434 0.10000000149011612 57392
1712703758474 0.10000000149011612 58144
1712703759757 0.10000000149011612 58768
1712703760413 0.10000000149011612 59096
1712703761011 0.10000000149011612 59144
1712703763184 0.10000000149011612 60216
1712703764007 0.10000000149011612 60504
1712703765426 0.10000000149011612 61024
1712703766775 0.10000000149011612 61472
1712703767588 0.10000000149011612 61712
1712703769058 0.10000000149011612 62288
1712703769842 0.10000000149011612 62696
1712703770945 0.10000000149011612 63016
1712703771594 0.10000000149011612 63376
1712703774221 0.10000000149011612 64352
1712703775056 0.10000000149011612 64616
1712703775867 0.10000000149011612 64808
1712703779729 0.10000000149011612 66528
1712703780461 0.10000000149011612 66736
1712703781170 0.10000000149011612 66912
1712703781990 0.10000000149011612 67208
1712703782788 0.10000000149011612 67368
1712703784124 0.10000000149011612 67912
1712703785633 0.10000000149011612 68424
1712703787833 0.10000000149011612 69128
1712703789221 0.10000000149011612 69744
1712703789996 0.10000000149011612 70136
1712703790711 0.10000000149011612 70232
1712703795303 0.10000000149011612 72160
1712703796029 0.10000000149011612 72240
1712703796850 0.10000000149011612 72544
1712703799027 0.10000000149011612 73312
1712703804154 0.10000000149011612 75112
1712703805124 0.10000000149011612 75296
1712703809552 0.10000000149011612 76872
1712703811817 0.10000000149011612 77736
1712703813218 0.10000000149011612 78224
1712703814632 0.10000000149011612 78696
1712703816007 0.10000000149011612 79320
1712703816732 0.10000000149011612 79504
1712703819307 0.10000000149011612 80560
1712703820042 0.10000000149011612 80800
1712703820768 0.10000000149011612 81016
1712703822693 0.10000000149011612 81792
1712703825230 0.10000000149011612 82784
1712703826661 0.10000000149011612 83344
1712703827385 0.10000000149011612 83616
1712703828735 0.10000000149011612 84160
1712703829650 0.10000000149011612 84352
1712703830906 0.10000000149011612 84960
1712703833173 0.10000000149011612 85728
1712703834725 0.10000000149011612 86216
1712703835544 0.10000000149011612 86352
1712703839193 0.10000000149011612 87672
1712703842914 0.10000000149011612 88952
1712703843755 0.10000000149011612 89216
1712703845300 0.10000000149011612 89688
1712703846230 0.10000000149011612 90080
1712703847001 0.10000000149011612 90136
1712703848590 0.10000000149011612 90680
1712703849482 0.10000000149011612 91064
1712703856356 0.10000000149011612 93520
1712703857895 0.10000000149011612 94128
1712703859412 0.10000000149011612 94592
1712703860851 0.10000000149011612 94952
1712703861559 0.10000000149011612 95032
1712703862312 0.10000000149011612 95240
1712703863181 0.10000000149011612 95712
1712703863915 0.10000000149011612 95880
1712703864693 0.10000000149011612 96216
1712703865439 0.10000000149011612 96408
1712703866259 0.10000000149011612 96600
1712703868341 0.10000000149011612 97520
1712703869050 0.10000000149011612 97584
1712703870574 0.10000000149011612 98160
1712703871269 0.10000000149011612 98336
1712703871900 0.10000000149011612 98576
1712703872662 0.10000000149011612 98912
1712703874024 0.10000000149011612 99424
1712703874777 0.10000000149011612 99760
1712703875579 0.10000000149011612 99880
1712703878532 0.10000000149011612 100408
1712703880024 0.10000000149011612 100920
1712703880949 0.10000000149011612 101136
1712703882494 0.10000000149011612 101712
1712703883341 0.10000000149011612 102080
1712703884152 0.10000000149011612 102160
1712703885005 0.10000000149011612 102504
1712703885858 0.10000000149011612 102784
1712703886660 0.10000000149011612 102920
1712703887593 0.10000000149011612 103208
1712703889052 0.10000000149011612 103704
1712703889973 0.10000000149011612 104096
1712703891537 0.10000000149011612 104528
1712703893047 0.10000000149011612 105032
1712703893943 0.10000000149011612 105232
1712703895490 0.10000000149011612 105736
1712703897022 0.10000000149011612 106304
1712703898680 0.10000000149011612 106912
1712703900043 0.10000000149011612 107360
1712703900846 0.10000000149011612 107608
1712703902221 0.10000000149011612 108248
1712703902977 0.10000000149011612 108376
1712703904530 0.10000000149011612 108880
1712703905355 0.10000000149011612 109128
1712703906246 0.10000000149011612 109384
1712703907251 0.10000000149011612 109752
1712703908737 0.10000000149011612 110104
1712703910999 0.10000000149011612 110880
1712703912106 0.10000000149011612 111240
1712703913656 0.10000000149011612 111760
1712703915137 0.10000000149011612 112200
1712703917371 0.10000000149011612 113000
1712703921114 0.10000000149011612 114256
1712703922089 0.10000000149011612 114456
1712703923594 0.10000000149011612 114952
1712703925397 0.10000000149011612 115592
1712703926297 0.10000000149011612 115800
1712703927865 0.10000000149011612 116248
1712703928698 0.10000000149011612 116552
1712703929453 0.10000000149011612 116976
1712703930203 0.10000000149011612 117088
1712703931096 0.10000000149011612 117432
1712703931710 0.10000000149011612 117576
1712703932648 0.10000000149011612 117840
1712703933429 0.10000000149011612 118224
1712703934256 0.10000000149011612 118392
1712703935597 0.10000000149011612 118808
1712703936376 0.10000000149011612 119072
1712703937216 0.10000000149011612 119456
1712703938695 0.10000000149011612 119872
1712703939405 0.10000000149011612 120128
1712703940054 0.10000000149011612 120464
1712703940847 0.10000000149011612 120784
1712703941580 0.10000000149011612 120848
1712703942496 0.10000000149011612 121104
1712703943464 0.10000000149011612 121552
1712703944440 0.10000000149011612 121728
1712703945236 0.10000000149011612 121912
1712703946088 0.10000000149011612 122192
1712703946976 0.10000000149011612 122392
1712703947968 0.10000000149011612 122632
1712703949041 0.10000000149011612 122952
1712703950174 0.10000000149011612 123296
1712703951144 0.10000000149011612 123608
1712703952027 0.10000000149011612 123704
1712703953029 0.10000000149011612 124024
1712703953944 0.10000000149011612 124272
1712703955004 0.10000000149011612 124464
1712703955863 0.10000000149011612 124768
1712703956907 0.10000000149011612 124992
1712703958597 0.10000000149011612 125496
1712703959672 0.10000000149011612 125712
1712703960683 0.10000000149011612 126104
1712703961660 0.10000000149011612 126224
1712703962732 0.10000000149011612 126496
1712703963641 0.10000000149011612 126752
1712703964727 0.10000000149011612 126992
1712703965734 0.10000000149011612 127312
1712703966713 0.10000000149011612 127496
1712703967806 0.10000000149011612 127936
1712703968514 0.10000000149011612 128048
1712703969458 0.10000000149011612 128272
1712703970458 0.10000000149011612 128680
1712703971227 0.10000000149011612 128824
1712703972204 0.10000000149011612 129112
1712703972998 0.10000000149011612 129328
1712703974135 0.10000000149011612 129704
1712703974871 0.10000000149011612 129872
1712703975840 0.10000000149011612 130056
1712703976835 0.10000000149011612 130432
1712703977632 0.10000000149011612 130576
1712703978681 0.10000000149011612 130848
1712703979501 0.10000000149011612 131120
1712703981404 0.10000000149011612 131432
1712703982240 0.10000000149011612 131688
1712703983271 0.10000000149011612 131848
1712703984093 0.10000000149011612 132144
1712703985139 0.10000000149011612 132400
1712703986040 0.10000000149011612 132704
1712703986889 0.10000000149011612 132888
1712703987669 0.10000000149011612 133128
1712703988456 0.10000000149011612 133400
1712703989529 0.10000000149011612 133688
1712703990361 0.10000000149011612 133944
1712703991508 0.10000000149011612 134152
1712703992535 0.10000000149011612 134520
1712703993576 0.10000000149011612 134712
1712703994483 0.10000000149011612 134928
1712703995563 0.10000000149011612 135200
1712703996550 0.10000000149011612 135464
1712703997533 0.10000000149011612 135728
1712703998608 0.10000000149011612 136008
1712703999518 0.10000000149011612 136216
1712704000592 0.10000000149011612 136464
1712704002293 0.10000000149011612 136968
1712704003218 0.10000000149011612 137224
1712704004369 0.10000000149011612 137536
1712704005290 0.10000000149011612 137776
1712704006305 0.10000000149011612 138056
1712704007139 0.10000000149011612 138264
1712704008302 0.10000000149011612 138576
1712704009112 0.10000000149011612 138800
1712704009857 0.10000000149011612 139016
1712704010994 0.10000000149011612 139336
1712704011919 0.10000000149011612 139544
1712704013007 0.10000000149011612 139800
1712704014072 0.10000000149011612 140080
1712704015053 0.10000000149011612 140360
1712704015838 0.10000000149011612 140648
1712704016610 0.10000000149011612 140808
1712704017496 0.10000000149011612 141080
1712704018404 0.10000000149011612 141336
1712704019305 0.10000000149011612 141600
1712704020292 0.10000000149011612 141880
1712704021192 0.10000000149011612 142136
1712704022171 0.10000000149011612 142440
1712704023163 0.10000000149011612 142704
1712704024071 0.10000000149011612 142976
1712704024934 0.10000000149011612 143248
1712704025633 0.10000000149011612 143384
1712704026709 0.10000000149011612 143632
1712704027711 0.10000000149011612 143920
1712704028674 0.10000000149011612 144136
1712704029692 0.10000000149011612 144400
1712704030777 0.10000000149011612 144704
1712704031830 0.10000000149011612 144936
1712704032836 0.10000000149011612 145192
1712704033831 0.10000000149011612 145432
1712704035005 0.10000000149011612 145752
1712704035999 0.10000000149011612 145984
1712704037045 0.10000000149011612 146200
1712704037875 0.10000000149011612 146448
1712704038866 0.10000000149011612 146736
1712704039689 0.10000000149011612 147000
1712704041347 0.10000000149011612 147336
1712704042233 0.10000000149011612 147608
1712704043220 0.10000000149011612 147760
1712704044274 0.10000000149011612 148008
1712704045251 0.10000000149011612 148240
1712704046227 0.10000000149011612 148496
1712704047219 0.10000000149011612 148808
1712704048201 0.10000000149011612 149008
1712704049378 0.10000000149011612 149472
1712704050184 0.10000000149011612 149584
1712704051162 0.10000000149011612 149776
1712704052388 0.10000000149011612 150048
1712704053420 0.10000000149011612 150296
1712704054405 0.10000000149011612 150608
1712704055189 0.10000000149011612 150816
1712704056157 0.10000000149011612 151240
1712704056765 0.10000000149011612 151328
1712704057728 0.10000000149011612 151576
1712704058720 0.10000000149011612 151856
1712704059538 0.10000000149011612 152168
1712704060557 0.10000000149011612 152480
1712704061277 0.10000000149011612 152768
1712704062236 0.10000000149011612 152872
1712704063146 0.10000000149011612 153104
1712704064083 0.10000000149011612 153432
1712704065040 0.10000000149011612 153800
1712704065665 0.10000000149011612 153944
1712704066640 0.10000000149011612 154128
1712704067530 0.10000000149011612 154400
1712704068285 0.10000000149011612 154680
1712704069355 0.10000000149011612 155008
1712704070088 0.10000000149011612 155272
1712704071034 0.10000000149011612 155400
1712704073184 0.10000000149011612 156016
1712704074194 0.10000000149011612 156184
1712704075199 0.10000000149011612 156664
1712704075916 0.10000000149011612 156688
1712704077929 0.10000000149011612 157304
1712704078805 0.10000000149011612 157456
1712704080726 0.10000000149011612 157960
1712704082823 0.10000000149011612 158704
1712704083603 0.10000000149011612 158728
1712704085622 0.10000000149011612 159384
1712704086569 0.10000000149011612 159504
1712704088434 0.10000000149011612 160064
1712704089563 0.10000000149011612 160280
1712704090591 0.10000000149011612 160744
1712704091339 0.10000000149011612 160784
1712704092427 0.10000000149011612 161056
1712704093485 0.10000000149011612 161504
1712704094291 0.10000000149011612 161544
1712704095437 0.10000000149011612 161840
1712704096377 0.10000000149011612 162200
1712704097347 0.10000000149011612 162320
1712704098427 0.10000000149011612 162632
1712704099261 0.10000000149011612 162904
1712704100239 0.10000000149011612 163128
1712704101301 0.10000000149011612 163368
1712704102118 0.10000000149011612 163616
1712704103179 0.10000000149011612 163864
1712704104278 0.10000000149011612 164312
1712704105150 0.10000000149011612 164432
1712704106136 0.10000000149011612 164624
1712704107160 0.10000000149011612 165040
1712704108047 0.10000000149011612 165152
1712704109035 0.10000000149011612 165424
1712704109952 0.10000000149011612 165744
1712704110921 0.10000000149011612 165928
1712704111997 0.10000000149011612 166200
1712704112811 0.10000000149011612 166424
1712704113875 0.10000000149011612 166672
1712704115052 0.10000000149011612 167088
1712704115962 0.10000000149011612 167240
1712704116941 0.10000000149011612 167488
1712704117916 0.10000000149011612 167752
1712704118869 0.10000000149011612 167952
1712704119961 0.10000000149011612 168232
1712704120786 0.10000000149011612 168456
1712704121777 0.10000000149011612 168840
1712704122580 0.10000000149011612 168984
1712704123473 0.10000000149011612 169272
1712704124345 0.10000000149011612 169512
1712704125291 0.10000000149011612 169760
1712704126269 0.10000000149011612 170024
1712704127136 0.10000000149011612 170336
1712704128041 0.10000000149011612 170608
1712704128927 0.10000000149011612 170848
1712704129810 0.10000000149011612 171088
1712704130692 0.10000000149011612 171344
1712704131577 0.10000000149011612 171600
1712704132458 0.10000000149011612 171800
1712704133304 0.10000000149011612 172040
1712704134321 0.10000000149011612 172368
1712704135209 0.10000000149011612 172640
1712704136109 0.10000000149011612 172848
1712704136992 0.10000000149011612 173072
1712704138048 0.10000000149011612 173360
1712704139034 0.10000000149011612 173616
1712704140101 0.10000000149011612 173944
1712704141085 0.10000000149011612 174168
1712704141998 0.10000000149011612 174400
1712704142950 0.10000000149011612 174608
1712704144025 0.10000000149011612 174920
1712704144997 0.10000000149011612 175112
1712704145999 0.10000000149011612 175448
1712704146805 0.10000000149011612 175688
1712704147696 0.10000000149011612 175928
1712704148680 0.10000000149011612 176224
1712704149541 0.10000000149011612 176440
1712704151118 0.10000000149011612 176712
1712704151983 0.10000000149011612 177000
1712704152962 0.10000000149011612 177224
1712704154026 0.10000000149011612 177576
1712704154802 0.10000000149011612 177672
1712704155924 0.10000000149011612 177928
1712704156875 0.10000000149011612 178224
1712704157856 0.10000000149011612 178456
1712704159033 0.10000000149011612 178880
1712704159837 0.10000000149011612 178992
1712704160973 0.10000000149011612 179232
1712704161892 0.10000000149011612 179504
1712704162900 0.10000000149011612 179752
1712704163896 0.10000000149011612 179984
1712704165076 0.10000000149011612 180304
1712704166212 0.10000000149011612 180496
1712704167344 0.10000000149011612 180784
1712704168323 0.10000000149011612 181016
1712704169426 0.10000000149011612 181304
1712704170284 0.10000000149011612 181616
1712704171287 0.10000000149011612 181808
1712704172342 0.10000000149011612 182040
1712704173867 0.10000000149011612 182304
1712704174871 0.10000000149011612 182544
1712704175972 0.10000000149011612 182896
1712704176958 0.10000000149011612 183088
1712704178029 0.10000000149011612 183336
1712704179006 0.10000000149011612 183576
1712704180019 0.10000000149011612 183816
1712704181093 0.10000000149011612 184168
1712704182156 0.10000000149011612 184360
1712704183100 0.10000000149011612 184648
1712704183997 0.10000000149011612 184840
1712704185162 0.10000000149011612 185168
1712704186387 0.10000000149011612 185488
1712704187321 0.10000000149011612 185656
1712704188167 0.10000000149011612 185864
1712704189225 0.10000000149011612 186152
1712704190251 0.10000000149011612 186464
1712704191215 0.10000000149011612 186816
1712704192067 0.10000000149011612 186920
1712704193012 0.10000000149011612 187256
1712704193858 0.10000000149011612 187488
1712704194843 0.10000000149011612 187768
1712704195730 0.10000000149011612 187944
1712704196612 0.10000000149011612 188184
1712704197522 0.10000000149011612 188456
1712704199538 0.10000000149011612 188736
1712704200586 0.10000000149011612 189048
1712704201359 0.10000000149011612 189208
1712704202214 0.10000000149011612 189448
1712704203605 0.10000000149011612 189760
1712704205120 0.10000000149011612 190064
1712704206693 0.10000000149011612 190336
1712704207543 0.10000000149011612 190520
1712704208424 0.10000000149011612 190752
1712704209437 0.10000000149011612 190984
1712704210411 0.10000000149011612 191288
1712704211592 0.10000000149011612 191616
1712704212397 0.10000000149011612 191816
1712704213232 0.10000000149011612 192040
1712704214360 0.10000000149011612 192464
1712704215488 0.10000000149011612 192712
1712704216411 0.10000000149011612 192864
1712704217173 0.10000000149011612 193096
1712704218098 0.10000000149011612 193352
1712704219256 0.10000000149011612 193696
1712704220054 0.10000000149011612 194000
1712704220909 0.10000000149011612 194200
1712704221529 0.10000000149011612 194344
1712704222454 0.10000000149011612 194680
1712704223419 0.10000000149011612 194864
1712704224254 0.10000000149011612 195112
1712704225153 0.10000000149011612 195336
1712704226158 0.10000000149011612 195664
1712704227082 0.10000000149011612 195952
1712704227959 0.10000000149011612 196120
1712704228778 0.10000000149011612 196392
1712704229735 0.10000000149011612 196640
1712704230526 0.10000000149011612 196960
1712704231303 0.10000000149011612 197176
1712704232161 0.10000000149011612 197416
1712704232986 0.10000000149011612 197680
1712704233919 0.10000000149011612 197928
1712704234805 0.10000000149011612 198296
1712704235577 0.10000000149011612 198448
1712704236552 0.10000000149011612 198728
1712704237305 0.10000000149011612 198968
1712704238277 0.10000000149011612 199192
1712704239153 0.10000000149011612 199592
1712704239955 0.10000000149011612 199704
1712704241346 0.10000000149011612 200000
1712704242213 0.10000000149011612 200248
1712704243255 0.10000000149011612 200496
1712704244266 0.10000000149011612 200896
1712704245281 0.10000000149011612 200968
1712704246285 0.10000000149011612 201288
1712704247294 0.10000000149011612 201520
1712704248163 0.10000000149011612 201904
1712704249755 0.10000000149011612 202400
1712704250562 0.10000000149011612 202520
1712704251408 0.10000000149011612 202864
1712704261830 0.10000000149011612 206824
1712704263780 0.10000000149011612 207592
1712704267624 0.10000000149011612 209080
1712704268321 0.10000000149011612 209280
1712704268952 0.10000000149011612 209512
1712704271106 0.10000000149011612 210512
1712704271752 0.10000000149011612 210856
1712704279260 0.10000000149011612 213576
1712704282911 0.10000000149011612 214816
1712704284868 0.10000000149011612 215584
1712704285661 0.10000000149011612 215992
1712704287502 0.10000000149011612 216504
1712704288856 0.10000000149011612 217072
1712704289579 0.10000000149011612 217104
1712704290457 0.10000000149011612 217504
1712704293373 0.10000000149011612 218504
1712704301103 0.10000000149011612 221568
1712704306152 0.10000000149011612 223576
1712704306910 0.10000000149011612 223984
1712704308251 0.10000000149011612 224496
1712704310192 0.10000000149011612 225064
1712704311037 0.10000000149011612 225496
1712704313634 0.10000000149011612 226496
1712704315014 0.10000000149011612 227064
1712704316456 0.10000000149011612 227472
1712704321122 0.10000000149011612 229376
1712704327627 0.10000000149011612 231568
1712704330452 0.10000000149011612 232488
1712704331900 0.10000000149011612 233056
1712704332824 0.10000000149011612 233232
1712704335469 0.10000000149011612 234488
1712704338000 0.10000000149011612 235464
1712704342373 0.10000000149011612 237112
1712704348126 0.10000000149011612 239560
1712704350663 0.10000000149011612 240480
1712704351886 0.10000000149011612 241048
1712704352632 0.10000000149011612 241224
1712704358316 0.10000000149011612 243456
1712704363355 0.10000000149011612 245104
1712704367693 0.10000000149011612 246664
1712704369980 0.10000000149011612 247552
1712704372262 0.10000000149011612 248296
1712704373037 0.10000000149011612 248336
1712704374078 0.10000000149011612 248600
1712704375578 0.10000000149011612 249136
1712704376485 0.10000000149011612 249424
1712704378672 0.10000000149011612 250000
