1712703606903 0.0003 7992
1712703621894 0.0003 13328
1712703624174 0.0003 14272
1712703624982 0.0003 14464
1712703628675 0.0003 15872
1712703629483 0.0003 15984
1712703632598 0.0003 17000
1712703633454 0.0003 17392
1712703641344 0.0003 20104
1712703642177 0.0003 20288
1712703643770 0.0003 20984
1712703645124 0.0003 21280
1712703645888 0.0003 21648
1712703647240 0.0003 22104
1712703648016 0.0003 22456
1712703648836 0.0003 22768
1712703651981 0.0003 23864
1712703652867 0.0003 24144
1712703653623 0.0003 24352
1712703654295 0.0003 24640
1712703655025 0.0003 24896
1712703656527 0.0003 25528
1712703658534 0.0003 26168
1712703660240 0.0003 26712
1712703661811 0.0003 27232
1712703663426 0.0003 27800
1712703664370 0.0003 27984
1712703665755 0.0003 28584
1712703667708 0.0003 29296
1712703668555 0.0003 29568
1712703670068 0.0003 30072
1712703671067 0.0003 30216
1712703672118 0.0003 30560
1712703672915 0.0003 30736
1712703673774 0.0003 31008
1712703675331 0.0003 31600
1712703676867 0.0003 32200
1712703679159 0.0003 32880
1712703680014 0.0003 33240
1712703682993 0.0003 34096
1712703683735 0.0003 34408
1712703687619 0.0003 35912
1712703688834 0.0003 36384
1712703690082 0.0003 37032
1712703690804 0.0003 37152
1712703692799 0.0003 38120
1712703693523 0.0003 38280
1712703694886 0.0003 38776
1712703696302 0.0003 39176
1712703697036 0.0003 39480
1712703699206 0.0003 40368
1712703700081 0.0003 40528
1712703701007 0.0003 40816
1712703701830 0.0003 41032
1712703704837 0.0003 42152
1712703705643 0.0003 42304
1712703707296 0.0003 42888
1712703708855 0.0003 43392
1712703709702 0.0003 43632
1712703710532 0.0003 43936
1712703711454 0.0003 44152
1712703713019 0.0003 44800
1712703714541 0.0003 45192
1712703716084 0.0003 45672
1712703716913 0.0003 45920
1712703717759 0.0003 46256
1712703720036 0.0003 47104
1712703720847 0.0003 47192
1712703721644 0.0003 47368
1712703723169 0.0003 47904
1712703724105 0.0003 48240
1712703725580 0.0003 48664
1712703726528 0.0003 49048
1712703727736 0.0003 49496
1712703728495 0.0003 49776
1712703734863 0.0003 50000
1712703736247 0.0003 50328
1712703736998 0.0003 50440
1712703738423 0.0003 51200
1712703739188 0.0003 51360
1712703740656 0.0003 51888
1712703742032 0.0003 52408
1712703742772 0.0003 52632
1712703744756 0.0003 53352
1712703745629 0.0003 53528
1712703748859 0.0003 54872
1712703750960 0.0003 55608
1712703751888 0.0003 56032
1712703753886 0.0003 56816
1712703754625 0.0003 57040
1712703756444 0.0003 57392
1712703758484 0.0003 58144
1712703759768 0.0003 58768
1712703760423 0.0003 59096
1712703761022 0.0003 59144
1712703763194 0.0003 60216
1712703764017 0.0003 60504
1712703765436 0.0003 61024
1712703766785 0.0003 61472
1712703767600 0.0003 61712
1712703769069 0.0003 62288
1712703769852 0.0003 62696
1712703770955 0.0003 63016
1712703771604 0.0003 63376
1712703774231 0.0003 64352
1712703775066 0.0003 64616
1712703775876 0.0003 64808
1712703779738 0.0003 66528
1712703780471 0.0003 66736
1712703781179 0.0003 66912
1712703781999 0.0003 67208
1712703782798 0.0003 67368
1712703784134 0.0003 67912
1712703785643 0.0003 68424
1712703787846 0.0003 69128
1712703789231 0.0003 69744
1712703790006 0.0003 70136
1712703790722 0.0003 70232
1712703795313 0.0003 72160
1712703796039 0.0003 72240
1712703796860 0.0003 72544
1712703799037 0.0003 73312
1712703804163 0.0003 75112
1712703805134 0.0003 75296
1712703809562 0.0003 76872
1712703811827 0.0003 77736
1712703813228 0.0003 78224
1712703814642 0.0003 78696
1712703816018 0.0003 79320
1712703816742 0.0003 79504
1712703819317 0.0003 80560
1712703820051 0.0003 80800
1712703820777 0.0003 81016
1712703822703 0.0003 81792
1712703825240 0.0003 82784
1712703826673 0.0003 83344
1712703827395 0.0003 83616
1712703828748 0.0003 84160
1712703829660 0.0003 84352
1712703830915 0.0003 84960
1712703833183 0.0003 85728
1712703834738 0.0003 86216
1712703835553 0.0003 86352
1712703839202 0.0003 87672
1712703842923 0.0003 88952
1712703843765 0.0003 89216
1712703845309 0.0003 89688
1712703846238 0.0003 90080
1712703847011 0.0003 90136
1712703848600 0.0003 90680
1712703849492 0.0003 91064
1712703856367 0.0003 93520
1712703857905 0.0003 94128
1712703859421 0.0003 94592
1712703860861 0.0003 94952
1712703861569 0.0003 95032
1712703862321 0.0003 95240
1712703863192 0.0003 95712
1712703863925 0.0003 95880
1712703864704 0.0003 96216
1712703865449 0.0003 96408
1712703866268 0.0003 96600
1712703868351 0.0003 97520
1712703869064 0.0003 97584
1712703870587 0.0003 98160
1712703871279 0.0003 98336
1712703871912 0.0003 98576
1712703872675 0.0003 98912
1712703874035 0.0003 99424
1712703874788 0.0003 99760
1712703875590 0.0003 99880
1712703878542 0.0003 100408
1712703880034 0.0003 100920
1712703880959 0.0003 101136
1712703882504 0.0003 101712
1712703883351 0.0003 102080
1712703884162 0.0003 102160
1712703885015 0.0003 102504
1712703885868 0.0003 102784
1712703886672 0.0003 102920
1712703887602 0.0003 103208
1712703889062 0.0003 103704
1712703889982 0.0003 104096
1712703891547 0.0003 104528
1712703893057 0.0003 105032
1712703893953 0.0003 105232
1712703895500 0.0003 105736
1712703897032 0.0003 106304
1712703898689 0.0003 106912
1712703900053 0.0003 107360
1712703900859 0.0003 107608
1712703902232 0.0003 108248
1712703902986 0.0003 108376
1712703904540 0.0003 108880
1712703905365 0.0003 109128
1712703906256 0.0003 109384
1712703907261 0.0003 109752
1712703908747 0.0003 110104
1712703911009 0.0003 110880
1712703912117 0.0003 111240
1712703913667 0.0003 111760
1712703915147 0.0003 112200
1712703917380 0.0003 113000
1712703921124 0.0003 114256
1712703922099 0.0003 114456
1712703923604 0.0003 114952
1712703925406 0.0003 115592
1712703926307 0.0003 115800
1712703927878 0.0003 116248
1712703928708 0.0003 116552
1712703929463 0.0003 116976
1712703930213 0.0003 117088
1712703931105 0.0003 117432
1712703931719 0.0003 117576
1712703932657 0.0003 117840
1712703933439 0.0003 118224
1712703934265 0.0003 118392
1712703935607 0.0003 118808
1712703936386 0.0003 119072
1712703937226 0.0003 119456
1712703938708 0.0003 119872
1712703939416 0.0003 120128
1712703940064 0.0003 120464
1712703940857 0.0003 120784
1712703941590 0.0003 120848
1712703942506 0.0003 121104
1712703943474 0.0003 121552
1712703944450 0.0003 121728
1712703945249 0.0003 121912
1712703946098 0.0003 122192
1712703946989 0.0003 122392
1712703947978 0.0003 122632
1712703949054 0.0003 122952
1712703950184 0.0003 123296
1712703951154 0.0003 123608
1712703952036 0.0003 123704
1712703953039 0.0003 124024
1712703953954 0.0003 124272
1712703955014 0.0003 124464
1712703955873 0.0003 124768
1712703956917 0.0003 124992
1712703958607 0.0003 125496
1712703959685 0.0003 125712
1712703960693 0.0003 126104
1712703961669 0.0003 126224
1712703962742 0.0003 126496
1712703963650 0.0003 126752
1712703964738 0.0003 126992
1712703965744 0.0003 127312
1712703966722 0.0003 127496
1712703967815 0.0003 127936
1712703968523 0.0003 128048
1712703969468 0.0003 128272
1712703970467 0.0003 128680
1712703971237 0.0003 128824
1712703972214 0.0003 129112
1712703973008 0.0003 129328
1712703974145 0.0003 129704
1712703974881 0.0003 129872
1712703975851 0.0003 130056
1712703976845 0.0003 130432
1712703977641 0.0003 130576
1712703978690 0.0003 130848
1712703979511 0.0003 131120
1712703981415 0.0003 131432
1712703982249 0.0003 131688
1712703983281 0.0003 131848
1712703984103 0.0003 132144
1712703985148 0.0003 132400
1712703986050 0.0003 132704
1712703986900 0.0003 132888
1712703987679 0.0003 133128
1712703988470 0.0003 133400
1712703989540 0.0003 133688
1712703990371 0.0003 133944
1712703991518 0.0003 134152
1712703992545 0.0003 134520
1712703993586 0.0003 134712
1712703994493 0.0003 134928
1712703995573 0.0003 135200
1712703996560 0.0003 135464
1712703997543 0.0003 135728
1712703998618 0.0003 136008
1712703999528 0.0003 136216
1712704000602 0.0003 136464
1712704002304 0.0003 136968
1712704003227 0.0003 137224
1712704004380 0.0003 137536
1712704005300 0.0003 137776
1712704006315 0.0003 138056
1712704007149 0.0003 138264
1712704008311 0.0003 138576
1712704009121 0.0003 138800
1712704009867 0.0003 139016
1712704011004 0.0003 139336
1712704011930 0.0003 139544
1712704013016 0.0003 139800
1712704014082 0.0003 140080
1712704015063 0.0003 140360
1712704015848 0.0003 140648
1712704016619 0.0003 140808
1712704017505 0.0003 141080
1712704018415 0.0003 141336
1712704019314 0.0003 141600
1712704020302 0.0003 141880
1712704021201 0.0003 142136
1712704022181 0.0003 142440
1712704023173 0.0003 142704
1712704024081 0.0003 142976
1712704024944 0.0003 143248
1712704025644 0.0003 143384
1712704026719 0.0003 143632
1712704027721 0.0003 143920
1712704028684 0.0003 144136
1712704029702 0.0003 144400
1712704030787 0.0003 144704
1712704031840 0.0003 144936
1712704032846 0.0003 145192
1712704033841 0.0003 145432
1712704035015 0.0003 145752
1712704036009 0.0003 145984
1712704037054 0.0003 146200
1712704037889 0.0003 146448
1712704038877 0.0003 146736
1712704039699 0.0003 147000
1712704041357 0.0003 147336
1712704042243 0.0003 147608
1712704043230 0.0003 147760
1712704044284 0.0003 148008
1712704045261 0.0003 148240
1712704046236 0.0003 148496
1712704047229 0.0003 148808
1712704048210 0.0003 149008
1712704049388 0.0003 149472
1712704050197 0.0003 149584
1712704051176 0.0003 149776
1712704052397 0.0003 150048
1712704053430 0.0003 150296
1712704054415 0.0003 150608
1712704055199 0.0003 150816
1712704056168 0.0003 151240
1712704056774 0.0003 151328
1712704057737 0.0003 151576
1712704058729 0.0003 151856
1712704059548 0.0003 152168
1712704060569 0.0003 152480
1712704061287 0.0003 152768
1712704062246 0.0003 152872
1712704063156 0.0003 153104
1712704064093 0.0003 153432
1712704065053 0.0003 153800
1712704065674 0.0003 153944
1712704066650 0.0003 154128
1712704067540 0.0003 154400
1712704068295 0.0003 154680
1712704069365 0.0003 155008
1712704070098 0.0003 155272
1712704071044 0.0003 155400
1712704073194 0.0003 156016
1712704074204 0.0003 156184
1712704075208 0.0003 156664
1712704075925 0.0003 156688
1712704077940 0.0003 157304
1712704078815 0.0003 157456
1712704080736 0.0003 157960
1712704082832 0.0003 158704
1712704083613 0.0003 158728
1712704085632 0.0003 159384
1712704086581 0.0003 159504
1712704088443 0.0003 160064
1712704089573 0.0003 160280
1712704090604 0.0003 160744
1712704091349 0.0003 160784
1712704092437 0.0003 161056
1712704093495 0.0003 161504
1712704094301 0.0003 161544
1712704095447 0.0003 161840
1712704096388 0.0003 162200
1712704097356 0.0003 162320
1712704098437 0.0003 162632
1712704099271 0.0003 162904
1712704100252 0.0003 163128
1712704101311 0.0003 163368
1712704102128 0.0003 163616
1712704103193 0.0003 163864
1712704104288 0.0003 164312
1712704105159 0.0003 164432
1712704106146 0.0003 164624
1712704107170 0.0003 165040
1712704108057 0.0003 165152
1712704109045 0.0003 165424
1712704109962 0.0003 165744
1712704110931 0.0003 165928
1712704112007 0.0003 166200
1712704112821 0.0003 166424
1712704113885 0.0003 166672
1712704115062 0.0003 167088
1712704115971 0.0003 167240
1712704116951 0.0003 167488
1712704117926 0.0003 167752
1712704118878 0.0003 167952
1712704119972 0.0003 168232
1712704120795 0.0003 168456
1712704121787 0.0003 168840
1712704122592 0.0003 168984
1712704123483 0.0003 169272
1712704124355 0.0003 169512
1712704125302 0.0003 169760
1712704126278 0.0003 170024
1712704127146 0.0003 170336
1712704128054 0.0003 170608
1712704128938 0.0003 170848
1712704129820 0.0003 171088
1712704130701 0.0003 171344
1712704131587 0.0003 171600
1712704132467 0.0003 171800
1712704133314 0.0003 172040
1712704134332 0.0003 172368
1712704135220 0.0003 172640
1712704136118 0.0003 172848
1712704137001 0.0003 173072
1712704138058 0.0003 173360
1712704139044 0.0003 173616
1712704140111 0.0003 173944
1712704141094 0.0003 174168
1712704142009 0.0003 174400
1712704142962 0.0003 174608
1712704144038 0.0003 174920
1712704145006 0.0003 175112
1712704146009 0.0003 175448
1712704146814 0.0003 175688
1712704147705 0.0003 175928
1712704148690 0.0003 176224
1712704149550 0.0003 176440
1712704151127 0.0003 176712
1712704151993 0.0003 177000
1712704152972 0.0003 177224
1712704154036 0.0003 177576
1712704154810 0.0003 177672
1712704155934 0.0003 177928
1712704156885 0.0003 178224
1712704157869 0.0003 178456
1712704159042 0.0003 178880
1712704159847 0.0003 178992
1712704160983 0.0003 179232
1712704161901 0.0003 179504
1712704162910 0.0003 179752
1712704163906 0.0003 179984
1712704165092 0.0003 180304
1712704166229 0.0003 180496
1712704167355 0.0003 180784
1712704168333 0.0003 181016
1712704169437 0.0003 181304
1712704170294 0.0003 181616
1712704171298 0.0003 181808
1712704172353 0.0003 182040
1712704173883 0.0003 182304
1712704174881 0.0003 182544
1712704175982 0.0003 182896
1712704176969 0.0003 183088
1712704178046 0.0003 183336
1712704179017 0.0003 183576
1712704180032 0.0003 183816
1712704181104 0.0003 184168
1712704182167 0.0003 184360
1712704183115 0.0003 184648
1712704184007 0.0003 184840
1712704185178 0.0003 185168
1712704186398 0.0003 185488
1712704187332 0.0003 185656
1712704188179 0.0003 185864
1712704189237 0.0003 186152
1712704190263 0.0003 186464
1712704191225 0.0003 186816
1712704192078 0.0003 186920
1712704193023 0.0003 187256
1712704193868 0.0003 187488
1712704194854 0.0003 187768
1712704195740 0.0003 187944
1712704196623 0.0003 188184
1712704197533 0.0003 188456
1712704199549 0.0003 188736
1712704200596 0.0003 189048
1712704201369 0.0003 189208
1712704202224 0.0003 189448
1712704203616 0.0003 189760
1712704205131 0.0003 190064
1712704206704 0.0003 190336
1712704207554 0.0003 190520
1712704208438 0.0003 190752
1712704209448 0.0003 190984
1712704210422 0.0003 191288
1712704211603 0.0003 191616
1712704212407 0.0003 191816
1712704213244 0.0003 192040
1712704214371 0.0003 192464
1712704215499 0.0003 192712
1712704216422 0.0003 192864
1712704217182 0.0003 193096
1712704218108 0.0003 193352
1712704219266 0.0003 193696
1712704220063 0.0003 194000
1712704220919 0.0003 194200
1712704221539 0.0003 194344
1712704222464 0.0003 194680
1712704223429 0.0003 194864
1712704224267 0.0003 195112
1712704225164 0.0003 195336
1712704226169 0.0003 195664
1712704227094 0.0003 195952
1712704227972 0.0003 196120
1712704228788 0.0003 196392
1712704229744 0.0003 196640
1712704230535 0.0003 196960
1712704231314 0.0003 197176
1712704232171 0.0003 197416
1712704232996 0.0003 197680
1712704233929 0.0003 197928
1712704234814 0.0003 198296
1712704235586 0.0003 198448
1712704236562 0.0003 198728
1712704237314 0.0003 198968
1712704238286 0.0003 199192
1712704239163 0.0003 199592
1712704239965 0.0003 199704
1712704241355 0.0003 200000
1712704242223 0.0003 200248
1712704243265 0.0003 200496
1712704244276 0.0003 200896
1712704245291 0.0003 200968
1712704246295 0.0003 201288
1712704247304 0.0003 201520
1712704248173 0.0003 201904
1712704249765 0.0003 202400
1712704250572 0.0003 202520
1712704251421 0.0003 202864
1712704261840 0.0003 206824
1712704263790 0.0003 207592
1712704267634 0.0003 209080
1712704268331 0.0003 209280
1712704268961 0.0003 209512
1712704271116 0.0003 210512
1712704271763 0.0003 210856
1712704279270 0.0003 213576
1712704282920 0.0003 214816
1712704284878 0.0003 215584
1712704285671 0.0003 215992
1712704287512 0.0003 216504
1712704288866 0.0003 217072
1712704289590 0.0003 217104
1712704290467 0.0003 217504
1712704293383 0.0003 218504
1712704301114 0.0003 221568
1712704306162 0.0003 223576
1712704306920 0.0003 223984
1712704308262 0.0003 224496
1712704310201 0.0003 225064
1712704311049 0.0003 225496
1712704313644 0.0003 226496
1712704315024 0.0003 227064
1712704316465 0.0003 227472
1712704321132 0.0003 229376
1712704327637 0.0003 231568
1712704330462 0.0003 232488
1712704331909 0.0003 233056
1712704332834 0.0003 233232
1712704335479 0.0003 234488
1712704338009 0.0003 235464
1712704342382 0.0003 237112
1712704348136 0.0003 239560
1712704350672 0.0003 240480
1712704351895 0.0003 241048
1712704352642 0.0003 241224
1712704358330 0.0003 243456
1712704363364 0.0003 245104
1712704367703 0.0003 246664
1712704369989 0.0003 247552
1712704372272 0.0003 248296
1712704373047 0.0003 248336
1712704374088 0.0003 248600
1712704375589 0.0003 249136
1712704376495 0.0003 249424
1712704378682 0.0003 250000
