1712703606913 992.0 7992
1712703621905 1664.0 13328
1712703624184 1760.0 14272
1712703624991 1792.0 14464
1712703628685 1952.0 15872
1712703629493 1984.0 15984
1712703632608 2112.0 17000
1712703633464 2144.0 17392
1712703641354 2496.0 20104
1712703642187 2528.0 20288
1712703643780 2592.0 20984
1712703645134 2656.0 21280
1712703645897 2688.0 21648
1712703647250 2752.0 22104
1712703648026 2784.0 22456
1712703648845 2816.0 22768
1712703651991 2976.0 23864
1712703652877 3008.0 24144
1712703653632 3040.0 24352
1712703654304 3072.0 24640
1712703655035 3104.0 24896
1712703656537 3168.0 25528
1712703658544 3264.0 26168
1712703660250 3328.0 26712
1712703661821 3392.0 27232
1712703663639 3456.0 27800
1712703664381 3488.0 27984
1712703665768 3552.0 28584
1712703667718 3648.0 29296
1712703668566 3680.0 29568
1712703670077 3744.0 30072
1712703671077 3776.0 30216
1712703672127 3808.0 30560
1712703672925 3840.0 30736
1712703673784 3872.0 31008
1712703675341 3936.0 31600
1712703676877 4000.0 32200
1712703679168 4096.0 32880
1712703680024 4128.0 33240
1712703683002 4256.0 34096
1712703683746 4288.0 34408
1712703687628 4480.0 35912
1712703688844 4544.0 36384
1712703690091 4608.0 37032
1712703690814 4640.0 37152
1712703692809 4736.0 38120
1712703693533 4768.0 38280
1712703694896 4832.0 38776
1712703696312 4896.0 39176
1712703697046 4928.0 39480
1712703699217 5024.0 40368
1712703700090 5056.0 40528
1712703701017 5088.0 40816
1712703701842 5120.0 41032
1712703704847 5248.0 42152
1712703705653 5280.0 42304
1712703707306 5344.0 42888
1712703708866 5408.0 43392
1712703709712 5440.0 43632
1712703710542 5472.0 43936
1712703711464 5504.0 44152
1712703713032 5568.0 44800
1712703714551 5632.0 45192
1712703716094 5696.0 45672
1712703716925 5728.0 45920
1712703717768 5760.0 46256
1712703720046 5856.0 47104
1712703720857 5888.0 47192
1712703721654 5920.0 47368
1712703723179 5984.0 47904
1712703724114 6016.0 48240
1712703725589 6080.0 48664
1712703726538 6112.0 49048
1712703727746 6176.0 49496
1712703728505 6208.0 49776
1712703734874 6240.0 50000
1712703736257 6272.0 50328
1712703737007 6304.0 50440
1712703738433 6368.0 51200
1712703739197 6400.0 51360
1712703740666 6464.0 51888
1712703742042 6528.0 52408
1712703742782 6560.0 52632
1712703744765 6656.0 53352
1712703745639 6688.0 53528
1712703748869 6848.0 54872
1712703750971 6944.0 55608
1712703751900 6976.0 56032
1712703753896 7072.0 56816
1712703754634 7104.0 57040
1712703756454 7168.0 57392
1712703758493 7264.0 58144
1712703759778 7328.0 58768
1712703760433 7360.0 59096
1712703761031 7392.0 59144
1712703763203 7520.0 60216
1712703764027 7552.0 60504
1712703765446 7616.0 61024
1712703766795 7680.0 61472
1712703767609 7712.0 61712
1712703769078 7776.0 62288
1712703769862 7808.0 62696
1712703770965 7872.0 63016
1712703771613 7904.0 63376
1712703774241 8032.0 64352
1712703775076 8064.0 64616
1712703775886 8096.0 64808
1712703779749 8288.0 66528
1712703780480 8320.0 66736
1712703781189 8352.0 66912
1712703782009 8384.0 67208
1712703782808 8416.0 67368
1712703784144 8480.0 67912
1712703785652 8544.0 68424
1712703787857 8640.0 69128
1712703789240 8704.0 69744
1712703790019 8736.0 70136
1712703790731 8768.0 70232
1712703795323 8992.0 72160
1712703796048 9024.0 72240
1712703796869 9056.0 72544
1712703799052 9152.0 73312
1712703804173 9376.0 75112
1712703805144 9408.0 75296
1712703809574 9600.0 76872
1712703811838 9696.0 77736
1712703813237 9760.0 78224
1712703814652 9824.0 78696
1712703816027 9888.0 79320
1712703816755 9920.0 79504
1712703819326 10048.0 80560
1712703820061 10080.0 80800
1712703820787 10112.0 81016
1712703822713 10208.0 81792
1712703825249 10336.0 82784
1712703826682 10400.0 83344
1712703827405 10432.0 83616
1712703828757 10496.0 84160
1712703829670 10528.0 84352
1712703830925 10592.0 84960
1712703833193 10688.0 85728
1712703834747 10752.0 86216
1712703835563 10784.0 86352
1712703839212 10944.0 87672
1712703842933 11104.0 88952
1712703843774 11136.0 89216
1712703845319 11200.0 89688
1712703846248 11232.0 90080
1712703847021 11264.0 90136
1712703848610 11328.0 90680
1712703849503 11360.0 91064
1712703856377 11680.0 93520
1712703857915 11744.0 94128
1712703859431 11808.0 94592
1712703860870 11840.0 94952
1712703861578 11872.0 95032
1712703862331 11904.0 95240
1712703863201 11936.0 95712
1712703863935 11968.0 95880
1712703864713 12000.0 96216
1712703865458 12032.0 96408
1712703866278 12064.0 96600
1712703868360 12160.0 97520
1712703869073 12192.0 97584
1712703870596 12256.0 98160
1712703871289 12288.0 98336
1712703871922 12320.0 98576
1712703872684 12352.0 98912
1712703874045 12416.0 99424
1712703874797 12448.0 99760
1712703875601 12480.0 99880
1712703878553 12544.0 100408
1712703880044 12608.0 100920
1712703880968 12640.0 101136
1712703882514 12704.0 101712
1712703883361 12736.0 102080
1712703884171 12768.0 102160
1712703885026 12800.0 102504
1712703885878 12832.0 102784
1712703886682 12864.0 102920
1712703887612 12896.0 103208
1712703889074 12960.0 103704
1712703889992 12992.0 104096
1712703891557 13056.0 104528
1712703893067 13120.0 105032
1712703893965 13152.0 105232
1712703895510 13216.0 105736
1712703897041 13280.0 106304
1712703898699 13344.0 106912
1712703900062 13408.0 107360
1712703900868 13440.0 107608
1712703902242 13504.0 108248
1712703902996 13536.0 108376
1712703904552 13600.0 108880
1712703905375 13632.0 109128
1712703906266 13664.0 109384
1712703907273 13696.0 109752
1712703908757 13760.0 110104
1712703911020 13856.0 110880
1712703912126 13888.0 111240
1712703913677 13952.0 111760
1712703915157 14016.0 112200
1712703917390 14112.0 113000
1712703921134 14272.0 114256
1712703922109 14304.0 114456
1712703923614 14368.0 114952
1712703925416 14432.0 115592
1712703926317 14464.0 115800
1712703927888 14528.0 116248
1712703928718 14560.0 116552
1712703929472 14592.0 116976
1712703930223 14624.0 117088
1712703931117 14656.0 117432
1712703931729 14688.0 117576
1712703932667 14720.0 117840
1712703933451 14752.0 118224
1712703934276 14784.0 118392
1712703935616 14848.0 118808
1712703936395 14880.0 119072
1712703937236 14912.0 119456
1712703938717 14976.0 119872
1712703939425 15008.0 120128
1712703940074 15040.0 120464
1712703940867 15072.0 120784
1712703941599 15104.0 120848
1712703942516 15136.0 121104
1712703943484 15168.0 121552
1712703944461 15200.0 121728
1712703945260 15232.0 121912
1712703946108 15264.0 122192
1712703946999 15296.0 122392
1712703947988 15328.0 122632
1712703949064 15360.0 122952
1712703950193 15392.0 123296
1712703951166 15424.0 123608
1712703952047 15456.0 123704
1712703953049 15488.0 124024
1712703953964 15520.0 124272
1712703955026 15552.0 124464
1712703955885 15584.0 124768
1712703956927 15616.0 124992
1712703958617 15680.0 125496
1712703959695 15712.0 125712
1712703960703 15744.0 126104
1712703961679 15776.0 126224
1712703962751 15808.0 126496
1712703963660 15840.0 126752
1712703964748 15872.0 126992
1712703965758 15904.0 127312
1712703966734 15936.0 127496
1712703967828 15968.0 127936
1712703968534 16000.0 128048
1712703969477 16032.0 128272
1712703970477 16064.0 128680
1712703971246 16096.0 128824
1712703972224 16128.0 129112
1712703973018 16160.0 129328
1712703974155 16192.0 129704
1712703974892 16224.0 129872
1712703975861 16256.0 130056
1712703976855 16288.0 130432
1712703977654 16320.0 130576
1712703978700 16352.0 130848
1712703979520 16384.0 131120
1712703981426 16416.0 131432
1712703982259 16448.0 131688
1712703983290 16480.0 131848
1712703984114 16512.0 132144
1712703985158 16544.0 132400
1712703986062 16576.0 132704
1712703986909 16608.0 132888
1712703987689 16640.0 133128
1712703988480 16672.0 133400
1712703989549 16704.0 133688
1712703990380 16736.0 133944
1712703991530 16768.0 134152
1712703992555 16800.0 134520
1712703993598 16832.0 134712
1712703994503 16864.0 134928
1712703995583 16896.0 135200
1712703996570 16928.0 135464
1712703997553 16960.0 135728
1712703998628 16992.0 136008
1712703999538 17024.0 136216
1712704000611 17056.0 136464
1712704002314 17120.0 136968
1712704003237 17152.0 137224
1712704004389 17184.0 137536
1712704005311 17216.0 137776
1712704006324 17248.0 138056
1712704007162 17280.0 138264
1712704008322 17312.0 138576
1712704009130 17344.0 138800
1712704009880 17376.0 139016
1712704011013 17408.0 139336
1712704011942 17440.0 139544
1712704013027 17472.0 139800
1712704014091 17504.0 140080
1712704015073 17536.0 140360
1712704015857 17568.0 140648
1712704016629 17600.0 140808
1712704017518 17632.0 141080
1712704018425 17664.0 141336
1712704019324 17696.0 141600
1712704020312 17728.0 141880
1712704021212 17760.0 142136
1712704022192 17792.0 142440
1712704023182 17824.0 142704
1712704024090 17856.0 142976
1712704024956 17888.0 143248
1712704025653 17920.0 143384
1712704026728 17952.0 143632
1712704027731 17984.0 143920
1712704028694 18016.0 144136
1712704029712 18048.0 144400
1712704030797 18080.0 144704
1712704031850 18112.0 144936
1712704032856 18144.0 145192
1712704033852 18176.0 145432
1712704035025 18208.0 145752
1712704036019 18240.0 145984
1712704037064 18272.0 146200
1712704037898 18304.0 146448
1712704038886 18336.0 146736
1712704039709 18368.0 147000
1712704041367 18400.0 147336
1712704042253 18432.0 147608
1712704043243 18464.0 147760
1712704044294 18496.0 148008
1712704045271 18528.0 148240
1712704046246 18560.0 148496
1712704047239 18592.0 148808
1712704048220 18624.0 149008
1712704049397 18656.0 149472
1712704050207 18688.0 149584
1712704051185 18720.0 149776
1712704052406 18752.0 150048
1712704053439 18784.0 150296
1712704054425 18816.0 150608
1712704055211 18848.0 150816
1712704056177 18880.0 151240
1712704056784 18912.0 151328
1712704057748 18944.0 151576
1712704058740 18976.0 151856
1712704059558 19008.0 152168
1712704060580 19040.0 152480
1712704061296 19072.0 152768
1712704062256 19104.0 152872
1712704063165 19136.0 153104
1712704064102 19168.0 153432
1712704065062 19200.0 153800
1712704065684 19232.0 153944
1712704066659 19264.0 154128
1712704067550 19296.0 154400
1712704068305 19328.0 154680
1712704069374 19360.0 155008
1712704070108 19392.0 155272
1712704071053 19424.0 155400
1712704073208 19488.0 156016
1712704074214 19520.0 156184
1712704075218 19552.0 156664
1712704075936 19584.0 156688
1712704077950 19648.0 157304
1712704078825 19680.0 157456
1712704080746 19744.0 157960
1712704082842 19808.0 158704
1712704083623 19840.0 158728
1712704085642 19904.0 159384
1712704086591 19936.0 159504
1712704088453 20000.0 160064
1712704089583 20032.0 160280
1712704090613 20064.0 160744
1712704091359 20096.0 160784
1712704092450 20128.0 161056
1712704093504 20160.0 161504
1712704094310 20192.0 161544
1712704095457 20224.0 161840
1712704096398 20256.0 162200
1712704097366 20288.0 162320
1712704098446 20320.0 162632
1712704099285 20352.0 162904
1712704100262 20384.0 163128
1712704101321 20416.0 163368
1712704102138 20448.0 163616
1712704103204 20480.0 163864
1712704104298 20512.0 164312
1712704105169 20544.0 164432
1712704106156 20576.0 164624
1712704107180 20608.0 165040
1712704108069 20640.0 165152
1712704109057 20672.0 165424
1712704109972 20704.0 165744
1712704110941 20736.0 165928
1712704112017 20768.0 166200
1712704112831 20800.0 166424
1712704113895 20832.0 166672
1712704115072 20864.0 167088
1712704115981 20896.0 167240
1712704116961 20928.0 167488
1712704117936 20960.0 167752
1712704118891 20992.0 167952
1712704119981 21024.0 168232
1712704120805 21056.0 168456
1712704121796 21088.0 168840
1712704122603 21120.0 168984
1712704123493 21152.0 169272
1712704124365 21184.0 169512
1712704125312 21216.0 169760
1712704126288 21248.0 170024
1712704127156 21280.0 170336
1712704128064 21312.0 170608
1712704128947 21344.0 170848
1712704129829 21376.0 171088
1712704130712 21408.0 171344
1712704131597 21440.0 171600
1712704132478 21472.0 171800
1712704133324 21504.0 172040
1712704134341 21536.0 172368
1712704135229 21568.0 172640
1712704136131 21600.0 172848
1712704137011 21632.0 173072
1712704138067 21664.0 173360
1712704139057 21696.0 173616
1712704140121 21728.0 173944
1712704141104 21760.0 174168
1712704142018 21792.0 174400
1712704142972 21824.0 174608
1712704144048 21856.0 174920
1712704145019 21888.0 175112
1712704146018 21920.0 175448
1712704146824 21952.0 175688
1712704147715 21984.0 175928
1712704148699 22016.0 176224
1712704149560 22048.0 176440
1712704151141 22080.0 176712
1712704152007 22112.0 177000
1712704152984 22144.0 177224
1712704154046 22176.0 177576
1712704154820 22208.0 177672
1712704155943 22240.0 177928
1712704156897 22272.0 178224
1712704157879 22304.0 178456
1712704159052 22336.0 178880
1712704159857 22368.0 178992
1712704160993 22400.0 179232
1712704161911 22432.0 179504
1712704162920 22464.0 179752
1712704163916 22496.0 179984
1712704165109 22528.0 180304
1712704166244 22560.0 180496
1712704167367 22592.0 180784
1712704168345 22624.0 181016
1712704169448 22656.0 181304
1712704170305 22688.0 181616
1712704171310 22720.0 181808
1712704172364 22752.0 182040
1712704173898 22784.0 182304
1712704174893 22816.0 182544
1712704175994 22848.0 182896
1712704176980 22880.0 183088
1712704178058 22912.0 183336
1712704179029 22944.0 183576
1712704180044 22976.0 183816
1712704181115 23008.0 184168
1712704182177 23040.0 184360
1712704183126 23072.0 184648
1712704184017 23104.0 184840
1712704185192 23136.0 185168
1712704186409 23168.0 185488
1712704187342 23200.0 185656
1712704188190 23232.0 185864
1712704189248 23264.0 186152
1712704190272 23296.0 186464
1712704191236 23328.0 186816
1712704192089 23360.0 186920
1712704193035 23392.0 187256
1712704193878 23424.0 187488
1712704194865 23456.0 187768
1712704195752 23488.0 187944
1712704196633 23520.0 188184
1712704197543 23552.0 188456
1712704199559 23584.0 188736
1712704200607 23616.0 189048
1712704201379 23648.0 189208
1712704202235 23680.0 189448
1712704203627 23712.0 189760
1712704205141 23744.0 190064
1712704206714 23776.0 190336
1712704207565 23808.0 190520
1712704208451 23840.0 190752
1712704209459 23872.0 190984
1712704210433 23904.0 191288
1712704211613 23936.0 191616
1712704212418 23968.0 191816
1712704213253 24000.0 192040
1712704214381 24032.0 192464
1712704215508 24064.0 192712
1712704216432 24096.0 192864
1712704217191 24128.0 193096
1712704218118 24160.0 193352
1712704219275 24192.0 193696
1712704220073 24224.0 194000
1712704220928 24256.0 194200
1712704221551 24288.0 194344
1712704222474 24320.0 194680
1712704223438 24352.0 194864
1712704224277 24384.0 195112
1712704225173 24416.0 195336
1712704226180 24448.0 195664
1712704227104 24480.0 195952
1712704227981 24512.0 196120
1712704228797 24544.0 196392
1712704229754 24576.0 196640
1712704230545 24608.0 196960
1712704231324 24640.0 197176
1712704232180 24672.0 197416
1712704233010 24704.0 197680
1712704233939 24736.0 197928
1712704234824 24768.0 198296
1712704235597 24800.0 198448
1712704236571 24832.0 198728
1712704237324 24864.0 198968
1712704238296 24896.0 199192
1712704239173 24928.0 199592
1712704239974 24960.0 199704
1712704241365 24992.0 200000
1712704242233 25024.0 200248
1712704243275 25056.0 200496
1712704244286 25088.0 200896
1712704245301 25120.0 200968
1712704246305 25152.0 201288
1712704247314 25184.0 201520
1712704248182 25216.0 201904
1712704249775 25280.0 202400
1712704250581 25312.0 202520
1712704251431 25344.0 202864
1712704261851 25824.0 206824
1712704263799 25920.0 207592
1712704267644 26112.0 209080
1712704268341 26144.0 209280
1712704268971 26176.0 209512
1712704271126 26304.0 210512
1712704271773 26336.0 210856
1712704279279 26688.0 213576
1712704282932 26848.0 214816
1712704284889 26944.0 215584
1712704285681 26976.0 215992
1712704287521 27040.0 216504
1712704288875 27104.0 217072
1712704289600 27136.0 217104
1712704290477 27168.0 217504
1712704293393 27296.0 218504
1712704301123 27680.0 221568
1712704306172 27936.0 223576
1712704306929 27968.0 223984
1712704308271 28032.0 224496
1712704310211 28128.0 225064
1712704311059 28160.0 225496
1712704313653 28288.0 226496
1712704315034 28352.0 227064
1712704316474 28416.0 227472
1712704321142 28640.0 229376
1712704327647 28928.0 231568
1712704330471 29056.0 232488
1712704331918 29120.0 233056
1712704332843 29152.0 233232
1712704335489 29280.0 234488
1712704338021 29408.0 235464
1712704342392 29632.0 237112
1712704348146 29920.0 239560
1712704350682 30048.0 240480
1712704351905 30112.0 241048
1712704352651 30144.0 241224
1712704358340 30400.0 243456
1712704363375 30624.0 245104
1712704367713 30816.0 246664
1712704369999 30912.0 247552
1712704372283 31008.0 248296
1712704373060 31040.0 248336
1712704374098 31072.0 248600
1712704375598 31136.0 249136
1712704376505 31168.0 249424
1712704378692 31232.0 250000
