1712703606922 0.02598341926932335 7992
1712703607000 0.02598341926932335 7992
1712703607075 0.02598341926932335 7992
1712703607159 0.02598341926932335 7992
1712703607234 0.02598341926932335 7992
1712703607307 0.02598341926932335 7992
1712703607382 0.02598341926932335 7992
1712703607456 0.02598341926932335 7992
1712703621914 0.026324719190597534 13328
1712703624197 0.02636805549263954 14272
1712703625002 0.026382189244031906 14464
1712703628694 0.026455063372850418 15872
1712703629503 0.026477715000510216 15984
1712703629580 0.026477715000510216 15984
1712703629655 0.026477715000510216 15984
1712703629731 0.026477715000510216 15984
1712703632618 0.026528313755989075 17000
1712703633474 0.02655033767223358 17392
1712703641364 0.02671314775943756 20104
1712703642196 0.026727162301540375 20288
1712703642270 0.026727162301540375 20288
1712703643791 0.02675521746277809 20984
1712703645143 0.026775237172842026 21280
1712703645907 0.02678237482905388 21648
1712703647260 0.026812473312020302 22104
1712703648036 0.026825016364455223 22456
1712703648112 0.026825016364455223 22456
1712703648855 0.02683917060494423 22768
1712703652001 0.026918012648820877 23864
1712703652090 0.026918012648820877 23960
1712703652168 0.026918012648820877 23976
1712703652887 0.02693490870296955 24144
1712703653642 0.0269426591694355 24352
1712703654314 0.02696460485458374 24640
1712703655045 0.026977460831403732 24896
1712703655125 0.026977460831403732 24928
1712703656547 0.027008965611457825 25528
1712703658554 0.027041742578148842 26168
1712703658635 0.027041742578148842 26192
1712703658726 0.027041742578148842 26304
1712703660259 0.027054717764258385 26712
1712703661834 0.027076512575149536 27232
1712703661908 0.027076512575149536 27232
1712703663648 0.02709600329399109 27800
1712703664391 0.027108648791909218 27984
1712703665778 0.027120493352413177 28584
1712703665859 0.027120493352413177 28648
1712703667730 0.027132047340273857 29296
1712703668575 0.0271451473236084 29568
1712703670087 0.027155417948961258 30072
1712703670321 0.027155417948961258 30176
1712703671086 0.027159729972481728 30216
1712703672138 0.027160335332155228 30560
1712703672935 0.027162106707692146 30736
1712703673794 0.027163373306393623 31008
1712703675350 0.027163878083229065 31600
1712703676886 0.027173195034265518 32200
1712703676964 0.027173195034265518 32208
1712703679179 0.027189522981643677 32880
1712703680034 0.027189204469323158 33240
1712703680118 0.027189204469323158 33264
1712703683012 0.02717646211385727 34096
1712703683755 0.027172133326530457 34408
1712703683842 0.027172133326530457 34480
1712703687638 0.02719367854297161 35912
1712703687725 0.02719367854297161 35976
1712703688853 0.027195608243346214 36384
1712703688950 0.027195608243346214 36528
1712703690101 0.027192620560526848 37032
1712703690824 0.027190430089831352 37152
1712703692822 0.027195272967219353 38120
1712703693543 0.027197493240237236 38280
1712703694905 0.027193991467356682 38776
1712703694995 0.027193991467356682 38872
1712703696322 0.02718832530081272 39176
1712703697055 0.027188405394554138 39480
1712703697161 0.027188405394554138 39600
1712703697241 0.027188405394554138 39624
1712703699227 0.027186669409275055 40368
1712703699315 0.027186669409275055 40416
1712703700102 0.027186449617147446 40528
1712703700182 0.027186449617147446 40568
1712703701026 0.027188559994101524 40816
1712703701852 0.027192488312721252 41032
1712703704856 0.027198323979973793 42152
1712703705663 0.02720082923769951 42304
1712703705777 0.02720082923769951 42448
1712703707316 0.027199512347579002 42888
1712703708875 0.027197860181331635 43392
1712703709722 0.02719739079475403 43632
1712703710551 0.027203664183616638 43936
1712703710647 0.027203664183616638 44008
1712703711474 0.027206066995859146 44152
1712703713042 0.027208851650357246 44800
1712703714560 0.027210308238863945 45192
1712703716104 0.027202457189559937 45672
1712703716935 0.02720659412443638 45920
1712703717779 0.027194960042834282 46256
1712703720056 0.027179978787899017 47104
1712703720867 0.02717425487935543 47192
1712703721664 0.02716030925512314 47368
1712703723189 0.02715129964053631 47904
1712703723293 0.02715129964053631 48016
1712703724124 0.027142420411109924 48240
1712703725599 0.027125025168061256 48664
1712703725686 0.027125025168061256 48704
1712703725782 0.027125025168061256 48784
1712703726547 0.02712092362344265 49048
1712703727755 0.027119982987642288 49496
1712703728515 0.027113186195492744 49776
1712703728595 0.027113186195492744 49816
1712703736267 0.02710876613855362 50328
1712703737018 0.02709730714559555 50440
1712703738443 0.02708784118294716 51200
1712703739207 0.027080796658992767 51360
1712703739290 0.027080796658992767 51408
1712703740676 0.02707868628203869 51888
1712703742051 0.027075516059994698 52408
1712703742793 0.027082014828920364 52632
1712703744775 0.027067847549915314 53352
1712703744854 0.027067847549915314 53360
1712703744934 0.027067847549915314 53384
1712703745650 0.027072450146079063 53528
1712703748878 0.027089230716228485 54872
1712703748980 0.027089230716228485 55000
1712703749055 0.027089230716228485 55000
1712703750981 0.027089612558484077 55608
1712703751068 0.027089612558484077 55672
1712703751155 0.027089612558484077 55744
1712703751910 0.027078978717327118 56032
1712703753905 0.027054091915488243 56816
1712703754644 0.02705652080476284 57040
1712703756463 0.02706519141793251 57392
1712703756558 0.02706519141793251 57512
1712703758504 0.02707444503903389 58144
1712703758615 0.02707444503903389 58288
1712703759789 0.02708723023533821 58768
1712703760442 0.02708335779607296 59096
1712703761041 0.027079643681645393 59144
1712703763213 0.027073131874203682 60216
1712703763318 0.027073131874203682 60408
1712703764036 0.027070343494415283 60504
1712703764137 0.027070343494415283 60624
1712703765455 0.02707415446639061 61024
1712703766804 0.027091138064861298 61472
1712703766890 0.027091138064861298 61536
1712703767619 0.027086127549409866 61712
1712703767711 0.027086127549409866 61824
1712703769089 0.027081593871116638 62288
1712703769871 0.027094069868326187 62696
1712703770975 0.02708958461880684 63016
1712703771623 0.02708466723561287 63376
1712703771707 0.02708466723561287 63432
1712703774251 0.027099689468741417 64352
1712703774346 0.027099689468741417 64432
1712703775086 0.02710144780576229 64616
1712703775169 0.02710144780576229 64656
1712703775895 0.0271059051156044 64808
1712703779758 0.027141988277435303 66528
1712703780491 0.02714422158896923 66736
1712703781198 0.02713698334991932 66912
1712703781284 0.02713698334991932 66952
1712703782019 0.02714378759264946 67208
1712703782110 0.02714378759264946 67312
1712703782818 0.027144044637680054 67368
1712703784153 0.027138205245137215 67912
1712703785663 0.027151186019182205 68424
1712703787867 0.027149124071002007 69128
1712703789249 0.027153125032782555 69744
1712703790029 0.02715989761054516 70136
1712703790741 0.027170775458216667 70232
1712703790838 0.027170775458216667 70352
1712703790916 0.027170775458216667 70368
1712703795333 0.027149904519319534 72160
1712703796058 0.02715166285634041 72240
1712703796881 0.027158211916685104 72544
1712703799062 0.027147460728883743 73312
1712703804183 0.027084602043032646 75112
1712703804260 0.027084602043032646 75120
1712703804372 0.027084602043032646 75256
1712703805154 0.027085185050964355 75296
1712703809584 0.02705284208059311 76872
1712703811850 0.027036946266889572 77736
1712703813247 0.027038082480430603 78224
1712703813326 0.027038082480430603 78248
1712703814662 0.02702820673584938 78696
1712703816038 0.027020029723644257 79320
1712703816764 0.027011586353182793 79504
1712703819337 0.02698959782719612 80560
1712703820071 0.02699177898466587 80800
1712703820799 0.026989061385393143 81016
1712703822723 0.026972373947501183 81792
1712703825262 0.026976527646183968 82784
1712703826693 0.026965638622641563 83344
1712703827415 0.02696339786052704 83616
1712703828767 0.026952244341373444 84160
1712703829681 0.02694554068148136 84352
1712703830936 0.026939505711197853 84960
1712703833202 0.02694140560925007 85728
1712703834758 0.026927081868052483 86216
1712703835573 0.026934415102005005 86352
1712703839223 0.026944825425744057 87672
1712703839324 0.026944825425744057 87768
1712703842943 0.026964692398905754 88952
1712703843785 0.026965973898768425 89216
1712703845329 0.02698984369635582 89688
1712703845419 0.02698984369635582 89776
1712703846258 0.02700055204331875 90080
1712703847030 0.02700740471482277 90136
1712703847113 0.02700740471482277 90160
1712703848622 0.027045704424381256 90680
1712703848733 0.027045704424381256 90816
1712703849513 0.027058381587266922 91064
1712703856387 0.026977883651852608 93520
1712703857925 0.026945509016513824 94128
1712703859442 0.026921430602669716 94592
1712703860883 0.026917360723018646 94952
1712703861589 0.0269145704805851 95032
1712703862341 0.026908325031399727 95240
1712703862435 0.026908325031399727 95344
1712703863211 0.02690434642136097 95712
1712703863945 0.02689713053405285 95880
1712703864723 0.026885736733675003 96216
1712703865469 0.026871949434280396 96408
1712703865551 0.026871949434280396 96440
1712703866288 0.026862207800149918 96600
1712703866374 0.026862207800149918 96664
1712703868370 0.02685599774122238 97520
1712703869082 0.02685556188225746 97584
1712703869174 0.02685556188225746 97680
1712703869255 0.02685556188225746 97728
1712703870606 0.02685755491256714 98160
1712703870699 0.02685755491256714 98280
1712703871298 0.026853300631046295 98336
1712703871931 0.026853274554014206 98576
1712703872029 0.026853274554014206 98712
1712703872695 0.026839278638362885 98912
1712703874054 0.026831142604351044 99424
1712703874808 0.02683345600962639 99760
1712703874902 0.02683345600962639 99840
1712703875611 0.026834139600396156 99880
1712703875704 0.026834139600396156 99960
1712703875785 0.026834139600396156 99984
1712703878562 0.026820113882422447 100408
1712703880056 0.026812739670276642 100920
1712703880181 0.026812739670276642 101104
1712703880978 0.026799142360687256 101136
1712703882524 0.02678806334733963 101712
1712703883371 0.026791583746671677 102080
1712703884184 0.02679789438843727 102160
1712703885035 0.02679339423775673 102504
1712703885888 0.02678898721933365 102784
1712703886692 0.026792198419570923 102920
1712703886802 0.026792198419570923 103056
1712703887622 0.02679205685853958 103208
1712703889084 0.026786141097545624 103704
1712703889188 0.026786141097545624 103808
1712703890002 0.026791997253894806 104096
1712703891568 0.026788879185914993 104528
1712703893076 0.026765016838908195 105032
1712703893179 0.026765016838908195 105176
1712703893975 0.02676556445658207 105232
1712703895520 0.026756223291158676 105736
1712703897052 0.02673972211778164 106304
1712703897139 0.02673972211778164 106344
1712703898708 0.02672889269888401 106912
1712703900072 0.026726355776190758 107360
1712703900168 0.026726355776190758 107480
1712703900878 0.026719674468040466 107608
1712703902252 0.026711393147706985 108248
1712703903006 0.026713533326983452 108376
1712703904562 0.02671245113015175 108880
1712703905384 0.026708237826824188 109128
1712703905476 0.026708237826824188 109224
1712703906276 0.026700874790549278 109384
1712703906362 0.026700874790549278 109432
1712703906472 0.026700874790549278 109560
1712703907284 0.026683315634727478 109752
1712703908767 0.026697803288698196 110104
1712703911030 0.02669895812869072 110880
1712703911133 0.02669895812869072 110992
1712703911219 0.02669895812869072 111024
1712703911299 0.02669895812869072 111048
1712703912136 0.02669379860162735 111240
1712703913687 0.026683775708079338 111760
1712703915167 0.026671383529901505 112200
1712703917400 0.026669461280107498 113000
1712703917477 0.026669461280107498 113000
1712703921144 0.026642974466085434 114256
1712703921224 0.026642974466085434 114272
1712703921321 0.026642974466085434 114352
1712703922118 0.026639685034751892 114456
1712703923624 0.026630975306034088 114952
1712703923713 0.026630975306034088 115008
1712703923798 0.026630975306034088 115032
1712703923878 0.026630975306034088 115040
1712703925426 0.02661368064582348 115592
1712703925513 0.02661368064582348 115632
1712703926327 0.02662389725446701 115800
1712703926416 0.02662389725446701 115848
1712703927903 0.026615655049681664 116248
1712703927987 0.026615655049681664 116296
1712703928729 0.0266193188726902 116552
1712703929482 0.026621626690030098 116976
1712703930233 0.026612423360347748 117088
1712703930340 0.026612423360347748 117216
1712703931127 0.02660701423883438 117432
1712703931740 0.02659960463643074 117576
1712703931830 0.02659960463643074 117672
1712703931914 0.02659960463643074 117728
1712703932680 0.02660895511507988 117840
1712703933460 0.026620838791131973 118224
1712703933540 0.026620838791131973 118272
1712703934286 0.02662701904773712 118392
1712703935626 0.026639174669981003 118808
1712703936407 0.026637215167284012 119072
1712703936506 0.026637215167284012 119224
1712703937247 0.026632603257894516 119456
1712703937328 0.026632603257894516 119496
1712703937407 0.026632603257894516 119512
1712703938727 0.026638202369213104 119872
1712703938801 0.026638202369213104 119872
1712703939435 0.026638930663466454 120128
1712703940083 0.026640914380550385 120464
1712703940160 0.026640914380550385 120464
1712703940251 0.026640914380550385 120568
1712703940876 0.02663271129131317 120784
1712703941609 0.02663247287273407 120848
1712703941691 0.02663247287273407 120880
1712703941795 0.02663247287273407 121056
1712703942528 0.026624174788594246 121104
1712703942624 0.026624174788594246 121192
1712703943494 0.0266269538551569 121552
1712703943576 0.0266269538551569 121576
1712703943658 0.0266269538551569 121592
1712703944471 0.026632381603121758 121728
1712703945269 0.026637446135282516 121912
1712703946121 0.026638709008693695 122192
1712703946209 0.026638709008693695 122288
1712703947009 0.02663475275039673 122392
1712703947084 0.02663475275039673 122400
1712703947166 0.02663475275039673 122416
1712703947997 0.026630911976099014 122632
1712703948079 0.026630911976099014 122640
1712703949074 0.026630589738488197 122952
1712703949147 0.026630589738488197 122952
1712703949227 0.026630589738488197 122976
1712703949317 0.026630589738488197 123056
1712703949393 0.026630589738488197 123064
1712703949472 0.026630589738488197 123096
1712703950238 0.026628784835338593 123296
1712703950328 0.026628784835338593 123392
1712703951176 0.026623975485563278 123608
1712703951256 0.026623975485563278 123624
1712703952057 0.026611831039190292 123704
1712703952133 0.026611831039190292 123704
1712703952220 0.026611831039190292 123744
1712703953059 0.02660968340933323 124024
1712703953143 0.02660968340933323 124048
1712703953974 0.026609769091010094 124272
1712703954053 0.026609769091010094 124280
1712703954145 0.026609769091010094 124344
1712703954220 0.026609769091010094 124344
1712703955036 0.026609478518366814 124464
1712703955895 0.02660583145916462 124768
1712703955988 0.02660583145916462 124848
1712703956076 0.02660583145916462 124880
1712703956163 0.02660583145916462 124920
1712703956937 0.02660268358886242 124992
1712703957045 0.02660268358886242 125112
1712703957130 0.02660268358886242 125176
1712703958627 0.026597049087285995 125496
1712703958721 0.026597049087285995 125504
1712703958802 0.026597049087285995 125552
1712703958888 0.026597049087285995 125608
1712703958967 0.026597049087285995 125632
1712703959705 0.026600394397974014 125712
1712703959784 0.026600394397974014 125728
1712703959879 0.026600394397974014 125840
1712703960713 0.026607012376189232 126104
1712703960796 0.026607012376189232 126128
1712703960874 0.026607012376189232 126136
1712703961689 0.02660815417766571 126224
1712703961771 0.02660815417766571 126248
1712703961875 0.02660815417766571 126352
1712703961957 0.02660815417766571 126376
1712703962761 0.026603206992149353 126496
1712703962889 0.026603206992149353 126696
1712703963670 0.026607537642121315 126752
1712703963757 0.026607537642121315 126792
1712703963867 0.026607537642121315 126896
1712703963957 0.026607537642121315 126944
1712703964758 0.026610620319843292 126992
1712703964841 0.026610620319843292 127024
1712703964933 0.026610620319843292 127080
1712703965767 0.026621444150805473 127312
1712703965865 0.026621444150805473 127464
1712703965943 0.026621444150805473 127472
1712703966745 0.02662106603384018 127496
1712703966839 0.02662106603384018 127600
1712703966924 0.02662106603384018 127640
1712703967006 0.02662106603384018 127688
1712703967082 0.02662106603384018 127696
1712703967838 0.026615532115101814 127936
1712703968543 0.02662774547934532 128048
1712703968630 0.02662774547934532 128088
1712703968710 0.02662774547934532 128104
1712703968796 0.02662774547934532 128184
1712703969487 0.026604589074850082 128272
1712703969567 0.026604589074850082 128288
1712703969645 0.026604589074850082 128312
1712703969759 0.026604589074850082 128504
1712703970487 0.026593904942274094 128680
1712703970574 0.026593904942274094 128744
1712703970649 0.026593904942274094 128752
1712703971257 0.02659233659505844 128824
1712703971340 0.02659233659505844 128864
1712703971422 0.02659233659505844 128896
1712703971501 0.02659233659505844 128912
1712703972233 0.026585640385746956 129112
1712703972334 0.026585640385746956 129272
1712703973028 0.02658728137612343 129328
1712703973104 0.02658728137612343 129336
1712703973196 0.02658728137612343 129392
1712703973276 0.02658728137612343 129432
1712703973361 0.02658728137612343 129488
1712703973441 0.02658728137612343 129512
1712703974164 0.026592640206217766 129704
1712703974901 0.026593226939439774 129872
1712703975003 0.026593226939439774 129984
1712703975079 0.026593226939439774 129984
1712703975154 0.026593226939439774 129992
1712703975870 0.02658805623650551 130056
1712703975951 0.02658805623650551 130088
1712703976028 0.02658805623650551 130096
1712703976132 0.02658805623650551 130264
1712703976865 0.02658284455537796 130432
1712703976959 0.02658284455537796 130552
1712703977664 0.026568520814180374 130576
1712703977742 0.026568520814180374 130592
1712703977825 0.026568520814180374 130640
1712703977909 0.026568520814180374 130688
1712703977987 0.026568520814180374 130704
1712703978710 0.02657359093427658 130848
1712703978808 0.02657359093427658 131000
1712703979530 0.026581067591905594 131120
1712703979611 0.026581067591905594 131136
1712703979686 0.026581067591905594 131152
1712703979778 0.026581067591905594 131208
1712703979860 0.026581067591905594 131248
1712703979945 0.026581067591905594 131280
1712703981437 0.026592623442411423 131432
1712703981540 0.026592623442411423 131584
1712703982269 0.026594720780849457 131688
1712703982351 0.026594720780849457 131728
1712703982425 0.026594720780849457 131728
1712703982512 0.026594720780849457 131768
1712703982599 0.026594720780849457 131832
1712703983300 0.02659609355032444 131848
1712703983401 0.02659609355032444 132008
1712703984123 0.026595812290906906 132144
1712703984214 0.026595812290906906 132248
1712703984301 0.026595812290906906 132288
1712703984380 0.026595812290906906 132304
1712703984461 0.026595812290906906 132336
1712703985169 0.026603683829307556 132400
1712703985251 0.026603683829307556 132424
1712703985362 0.026603683829307556 132576
1712703986071 0.02661203220486641 132704
1712703986159 0.02661203220486641 132800
1712703986239 0.02661203220486641 132832
1712703986324 0.02661203220486641 132864
1712703986919 0.02662692777812481 132888
1712703987008 0.02662692777812481 132968
1712703987084 0.02662692777812481 132984
1712703987698 0.026629000902175903 133128
1712703987799 0.026629000902175903 133288
1712703987888 0.026629000902175903 133376
1712703988490 0.026617206633090973 133400
1712703988567 0.026617206633090973 133408
1712703988647 0.026617206633090973 133432
1712703988735 0.026617206633090973 133504
1712703988819 0.026617206633090973 133528
1712703989558 0.026626436039805412 133688
1712703989658 0.026626436039805412 133840
1712703990390 0.026638515293598175 133944
1712703990471 0.026638515293598175 133952
1712703990558 0.026638515293598175 133976
1712703990663 0.026638515293598175 134064
1712703990751 0.026638515293598175 134112
1712703991540 0.026644185185432434 134152
1712703991635 0.026644185185432434 134224
1712703991755 0.026644185185432434 134384
1712703992565 0.026660259813070297 134520
1712703992643 0.026660259813070297 134528
1712703992739 0.026660259813070297 134600
1712703992821 0.026660259813070297 134640
1712703993608 0.026664819568395615 134712
1712703993689 0.026664819568395615 134768
1712703994513 0.026645934209227562 134928
1712703994595 0.026645934209227562 134960
1712703994701 0.026645934209227562 135072
1712703994800 0.026645934209227562 135160
1712703995594 0.026647664606571198 135200
1712703995686 0.026647664606571198 135296
1712703995769 0.026647664606571198 135328
1712703996580 0.026662705466151237 135464
1712703996672 0.026662705466151237 135520
1712703996763 0.026662705466151237 135616
1712703997563 0.026665374636650085 135728
1712703997664 0.026665374636650085 135816
1712703997756 0.026665374636650085 135872
1712703997835 0.026665374636650085 135880
1712703998637 0.02667093276977539 136008
1712703998749 0.02667093276977539 136152
1712703999548 0.02667875960469246 136216
1712703999637 0.02667875960469246 136264
1712703999720 0.02667875960469246 136288
1712703999826 0.02667875960469246 136416
1712704000621 0.026678837835788727 136464
1712704000716 0.026678837835788727 136536
1712704000811 0.026678837835788727 136608
1712704002323 0.02668214961886406 136968
1712704002413 0.02668214961886406 137016
1712704003248 0.026676001027226448 137224
1712704003332 0.026676001027226448 137264
1712704003415 0.026676001027226448 137312
1712704003504 0.026676001027226448 137368
1712704003608 0.026676001027226448 137472
1712704004399 0.026686251163482666 137536
1712704004521 0.026686251163482666 137720
1712704005322 0.026700986549258232 137776
1712704005412 0.026700986549258232 137848
1712704005514 0.026700986549258232 137944
1712704006334 0.026688510552048683 138056
1712704007172 0.026652399450540543 138264
1712704007284 0.026652399450540543 138400
1712704007374 0.026652399450540543 138448
1712704007454 0.026652399450540543 138480
1712704007532 0.026652399450540543 138488
1712704008331 0.02663975954055786 138576
1712704008425 0.02663975954055786 138688
1712704009140 0.026630137115716934 138800
1712704009890 0.02663474529981613 139016
1712704009965 0.02663474529981613 139024
1712704010048 0.02663474529981613 139072
1712704010148 0.02663474529981613 139224
1712704010226 0.02663474529981613 139232
1712704011023 0.026629209518432617 139336
1712704011140 0.026629209518432617 139496
1712704011954 0.026623062789440155 139544
1712704012037 0.026623062789440155 139568
1712704012119 0.026623062789440155 139568
1712704012208 0.026623062789440155 139616
1712704013037 0.026615135371685028 139800
1712704013116 0.026615135371685028 139824
1712704013200 0.026615135371685028 139872
1712704013312 0.026615135371685028 140032
1712704014101 0.026621147990226746 140080
1712704014186 0.026621147990226746 140112
1712704014376 0.026621147990226746 140128
1712704014468 0.026621147990226746 140240
1712704015082 0.026614516973495483 140360
1712704015156 0.026614516973495483 140360
1712704015244 0.026614516973495483 140432
1712704015867 0.026615645736455917 140648
1712704015945 0.026615645736455917 140672
1712704016038 0.026615645736455917 140776
1712704016638 0.026592038571834564 140808
1712704016727 0.026592038571834564 140896
1712704016828 0.026592038571834564 141048
1712704017527 0.026595469564199448 141080
1712704017631 0.026595469564199448 141184
1712704017710 0.026595469564199448 141216
1712704018434 0.026592504233121872 141336
1712704018510 0.026592504233121872 141352
1712704018589 0.026592504233121872 141400
1712704018687 0.026592504233121872 141520
1712704019333 0.02657853625714779 141600
1712704019420 0.02657853625714779 141664
1712704019508 0.02657853625714779 141744
1712704019586 0.02657853625714779 141760
1712704020321 0.026580849662423134 141880
1712704020400 0.026580849662423134 141888
1712704020492 0.026580849662423134 141976
1712704021221 0.026587720960378647 142136
1712704021306 0.026587720960378647 142200
1712704021396 0.026587720960378647 142288
1712704021479 0.026587720960378647 142312
1712704022201 0.02658461406826973 142440
1712704022292 0.02658461406826973 142496
1712704022370 0.02658461406826973 142504
1712704022450 0.02658461406826973 142520
1712704023192 0.026574360206723213 142704
1712704023278 0.026574360206723213 142760
1712704023365 0.026574360206723213 142824
1712704024100 0.026579037308692932 142976
1712704024194 0.026579037308692932 143040
1712704024270 0.026579037308692932 143056
1712704024351 0.026579037308692932 143096
1712704024966 0.02657739259302616 143248
1712704025051 0.02657739259302616 143328
1712704025663 0.026574578136205673 143384
1712704025737 0.026574578136205673 143384
1712704025837 0.026574578136205673 143544
1712704025925 0.026574578136205673 143592
1712704026006 0.026574578136205673 143616
1712704026738 0.026568973436951637 143632
1712704026855 0.026568973436951637 143792
1712704026952 0.026568973436951637 143864
1712704027741 0.026571685448288918 143920
1712704027820 0.026571685448288918 143928
1712704027941 0.026571685448288918 144096
1712704028703 0.026579519733786583 144136
1712704028788 0.026579519733786583 144176
1712704028860 0.026579519733786583 144176
1712704028982 0.026579519733786583 144328
1712704029721 0.026576166972517967 144400
1712704029823 0.026576166972517967 144504
1712704029902 0.026576166972517967 144512
1712704030010 0.026576166972517967 144640
1712704030808 0.026570186018943787 144704
1712704030886 0.026570186018943787 144712
1712704030991 0.026570186018943787 144824
1712704031081 0.026570186018943787 144872
1712704031861 0.026565592736005783 144936
1712704031966 0.026565592736005783 145048
1712704032052 0.026565592736005783 145088
1712704032866 0.02656574174761772 145192
1712704032955 0.02656574174761772 145264
1712704033040 0.02656574174761772 145296
1712704033861 0.02656610868871212 145432
1712704033938 0.02656610868871212 145440
1712704034024 0.02656610868871212 145496
1712704034130 0.02656610868871212 145608
1712704034213 0.02656610868871212 145624
1712704035035 0.026565173640847206 145752
1712704035145 0.026565173640847206 145888
1712704035230 0.026565173640847206 145912
1712704036029 0.026559866964817047 145984
1712704036108 0.026559866964817047 145992
1712704036199 0.026559866964817047 146048
1712704036302 0.026559866964817047 146152
1712704037073 0.026553671807050705 146200
1712704037186 0.026553671807050705 146344
1712704037908 0.026541586965322495 146448
1712704038006 0.026541586965322495 146584
1712704038082 0.026541586965322495 146592
1712704038164 0.026541586965322495 146632
1712704038896 0.026535265147686005 146736
1712704038984 0.026535265147686005 146784
1712704039718 0.026515133678913116 147000
1712704039806 0.026515133678913116 147072
1712704039887 0.026515133678913116 147104
1712704039967 0.026515133678913116 147136
1712704040050 0.026515133678913116 147192
1712704040127 0.026515133678913116 147192
1712704041376 0.026496905833482742 147336
1712704041459 0.026496905833482742 147384
1712704042267 0.02648366428911686 147608
1712704042350 0.02648366428911686 147632
1712704042435 0.02648366428911686 147648
1712704043252 0.026476619765162468 147760
1712704043365 0.026476619765162468 147888
1712704043445 0.026476619765162468 147920
1712704043522 0.026476619765162468 147928
1712704044305 0.02647346630692482 148008
1712704044423 0.02647346630692482 148192
1712704044500 0.02647346630692482 148208
1712704045280 0.026461809873580933 148240
1712704045391 0.026461809873580933 148440
1712704045476 0.026461809873580933 148472
1712704046256 0.026467714458703995 148496
1712704046335 0.026467714458703995 148504
1712704046441 0.026467714458703995 148616
1712704047251 0.026471544057130814 148808
1712704047327 0.026471544057130814 148816
1712704047419 0.026471544057130814 148872
1712704048232 0.026459738612174988 149008
1712704048317 0.026459738612174988 149072
1712704048405 0.026459738612174988 149112
1712704048494 0.026459738612174988 149152
1712704048585 0.026459738612174988 149192
1712704049407 0.026443568989634514 149472
1712704049489 0.026443568989634514 149504
1712704050217 0.026433207094669342 149584
1712704050315 0.026433207094669342 149664
1712704050410 0.026433207094669342 149728
1712704050488 0.026433207094669342 149752
1712704051195 0.026425283402204514 149776
1712704052416 0.026416201144456863 150048
1712704052516 0.026416201144456863 150096
1712704052610 0.026416201144456863 150152
1712704052682 0.026416201144456863 150168
1712704053449 0.026404574513435364 150296
1712704053537 0.026404574513435364 150344
1712704053613 0.026404574513435364 150344
1712704053698 0.026404574513435364 150392
1712704054435 0.026401516050100327 150608
1712704054534 0.026401516050100327 150720
1712704055220 0.0263986699283123 150816
1712704055305 0.0263986699283123 150888
1712704055388 0.0263986699283123 150928
1712704055470 0.0263986699283123 150968
1712704055548 0.0263986699283123 150976
1712704056187 0.026389990001916885 151240
1712704056793 0.02638530731201172 151328
1712704056879 0.02638530731201172 151400
1712704056963 0.02638530731201172 151464
1712704057048 0.02638530731201172 151520
1712704057757 0.026381080970168114 151576
1712704057840 0.026381080970168114 151616
1712704057918 0.026381080970168114 151624
1712704058749 0.02637505531311035 151856
1712704058836 0.02637505531311035 151912
1712704059566 0.026372484862804413 152168
1712704059644 0.026372484862804413 152176
1712704059727 0.026372484862804413 152200
1712704059807 0.026372484862804413 152224
1712704059886 0.026372484862804413 152264
1712704059962 0.026372484862804413 152272
1712704060588 0.026377681642770767 152480
1712704060672 0.026377681642770767 152560
1712704061306 0.026373842731118202 152768
1712704061389 0.026373842731118202 152792
1712704061468 0.026373842731118202 152800
1712704061545 0.026373842731118202 152832
1712704062266 0.026354365050792694 152872
1712704062388 0.026354365050792694 153040
1712704063175 0.02634778991341591 153104
1712704063269 0.02634778991341591 153176
1712704064112 0.02634158544242382 153432
1712704064195 0.02634158544242382 153456
1712704064268 0.02634158544242382 153456
1712704064344 0.02634158544242382 153464
1712704064428 0.02634158544242382 153504
1712704065072 0.026336699724197388 153800
1712704065694 0.026331283152103424 153944
1712704065777 0.026331283152103424 154000
1712704065861 0.026331283152103424 154048
1712704065953 0.026331283152103424 154104
1712704066669 0.026328807696700096 154128
1712704066744 0.026328807696700096 154128
1712704066825 0.026328807696700096 154176
1712704067559 0.026318617165088654 154400
1712704067666 0.026318617165088654 154608
1712704068314 0.026320626959204674 154680
1712704068395 0.026320626959204674 154712
1712704068501 0.026320626959204674 154816
1712704068586 0.026320626959204674 154840
1712704068661 0.026320626959204674 154856
1712704069384 0.026317128911614418 155008
1712704070118 0.026316549628973007 155272
1712704070215 0.026316549628973007 155352
1712704070293 0.026316549628973007 155360
1712704071066 0.02631332352757454 155400
1712704071177 0.02631332352757454 155536
1712704071251 0.02631332352757454 155536
1712704071336 0.02631332352757454 155568
1712704071430 0.02631332352757454 155632
1712704073219 0.026317335665225983 156016
1712704073302 0.026317335665225983 156016
1712704073389 0.026317335665225983 156024
1712704073479 0.026317335665225983 156056
1712704074224 0.026314683258533478 156184
1712704074304 0.026314683258533478 156208
1712704074378 0.026314683258533478 156216
1712704074466 0.026314683258533478 156296
1712704075228 0.026307638734579086 156664
1712704075946 0.02631094865500927 156688
1712704076017 0.02631094865500927 156688
1712704076105 0.02631094865500927 156728
1712704076191 0.02631094865500927 156792
1712704076273 0.02631094865500927 156832
1712704076354 0.02631094865500927 156880
1712704076435 0.02631094865500927 156904
1712704077960 0.026299472898244858 157304
1712704078046 0.026299472898244858 157360
1712704078835 0.026291850954294205 157456
1712704078918 0.026291850954294205 157480
1712704078995 0.026291850954294205 157488
1712704079069 0.026291850954294205 157496
1712704079147 0.026291850954294205 157496
1712704079231 0.026291850954294205 157544
1712704080756 0.026288781315088272 157960
1712704080839 0.026288781315088272 157992
1712704080949 0.026288781315088272 158120
1712704081021 0.026288781315088272 158120
1712704081099 0.026288781315088272 158128
1712704081173 0.026288781315088272 158128
1712704081261 0.026288781315088272 158176
1712704081337 0.026288781315088272 158176
1712704082852 0.02628369815647602 158704
1712704083633 0.0262873824685812 158728
1712704083720 0.0262873824685812 158768
1712704083806 0.0262873824685812 158808
1712704083890 0.0262873824685812 158840
1712704083963 0.0262873824685812 158840
1712704084046 0.0262873824685812 158872
1712704084136 0.0262873824685812 158928
1712704085652 0.026279708370566368 159384
1712704085732 0.026279708370566368 159416
1712704085824 0.026279708370566368 159480
1712704086601 0.026270195841789246 159504
1712704086678 0.026270195841789246 159520
1712704086770 0.026270195841789246 159600
1712704086854 0.026270195841789246 159648
1712704086933 0.026270195841789246 159688
1712704088463 0.026266900822520256 160064
1712704088551 0.026266900822520256 160104
1712704088645 0.026266900822520256 160160
1712704088731 0.026266900822520256 160176
1712704088813 0.026266900822520256 160184
1712704089592 0.026261169463396072 160280
1712704089691 0.026261169463396072 160368
1712704089770 0.026261169463396072 160376
1712704090623 0.026260821148753166 160744
1712704091371 0.026265744119882584 160784
1712704091459 0.026265744119882584 160840
1712704091553 0.026265744119882584 160912
1712704091637 0.026265744119882584 160944
1712704092460 0.02626705914735794 161056
1712704092538 0.02626705914735794 161072
1712704092651 0.02626705914735794 161224
1712704093514 0.026267563924193382 161504
1712704094320 0.026267195120453835 161544
1712704094409 0.026267195120453835 161584
1712704094495 0.026267195120453835 161632
1712704094586 0.026267195120453835 161696
1712704094670 0.026267195120453835 161760
1712704095467 0.026258882135152817 161840
1712704095554 0.026258882135152817 161912
1712704096408 0.026254843920469284 162200
1712704096493 0.026254843920469284 162232
1712704096581 0.026254843920469284 162296
1712704097376 0.02625577338039875 162320
1712704097478 0.02625577338039875 162416
1712704097576 0.02625577338039875 162504
1712704097654 0.02625577338039875 162512
1712704098457 0.02625739760696888 162632
1712704099294 0.02625175192952156 162904
1712704099369 0.02625175192952156 162920
1712704099468 0.02625175192952156 163008
1712704100272 0.026255061849951744 163128
1712704100347 0.026255061849951744 163144
1712704100439 0.026255061849951744 163208
1712704100516 0.026255061849951744 163216
1712704101330 0.02625567466020584 163368
1712704102148 0.026254111900925636 163616
1712704102232 0.026254111900925636 163648
1712704102326 0.026254111900925636 163720
1712704102429 0.026254111900925636 163832
1712704103214 0.026252925395965576 163864
1712704103310 0.026252925395965576 163936
1712704103387 0.026252925395965576 163960
1712704103482 0.026252925395965576 164080
1712704104307 0.02625347301363945 164312
1712704104385 0.02625347301363945 164320
1712704105178 0.026258300989866257 164432
1712704105286 0.026258300989866257 164544
1712704105368 0.026258300989866257 164560
1712704106166 0.026259291917085648 164624
1712704106259 0.026259291917085648 164744
1712704106340 0.026259291917085648 164760
1712704107189 0.026256456971168518 165040
1712704107266 0.026256456971168518 165048
1712704108079 0.026242464780807495 165152
1712704108166 0.026242464780807495 165208
1712704108249 0.026242464780807495 165240
1712704108378 0.026242464780807495 165360
1712704109067 0.02624080702662468 165424
1712704109147 0.02624080702662468 165448
1712704109982 0.026239532977342606 165744
1712704110062 0.026239532977342606 165760
1712704110155 0.026239532977342606 165824
1712704110951 0.026232320815324783 165928
1712704111029 0.026232320815324783 165936
1712704111130 0.026232320815324783 166048
1712704111228 0.026232320815324783 166136
1712704112027 0.026228701695799828 166200
1712704112840 0.026232119649648666 166424
1712704112919 0.026232119649648666 166440
1712704113035 0.026232119649648666 166592
1712704113115 0.026232119649648666 166608
1712704113904 0.026235349476337433 166672
1712704114020 0.026235349476337433 166832
1712704114102 0.026235349476337433 166864
1712704114250 0.026235349476337433 166872
1712704115081 0.026228811591863632 167088
1712704115161 0.026228811591863632 167096
1712704115991 0.026226744055747986 167240
1712704116074 0.026226744055747986 167272
1712704116162 0.026226744055747986 167328
1712704116970 0.026225825771689415 167488
1712704117056 0.026225825771689415 167528
1712704117132 0.026225825771689415 167536
1712704117946 0.026229895651340485 167752
1712704118025 0.026229895651340485 167760
1712704118120 0.026229895651340485 167904
1712704118900 0.026227634400129318 167952
1712704118989 0.026227634400129318 168016
1712704119113 0.026227634400129318 168184
1712704119189 0.026227634400129318 168192
1712704119991 0.02622235380113125 168232
1712704120098 0.02622235380113125 168440
1712704120814 0.026213325560092926 168456
1712704120915 0.026213325560092926 168616
1712704120995 0.026213325560092926 168632
1712704121086 0.026213325560092926 168688
1712704121806 0.026216629892587662 168840
1712704121891 0.026216629892587662 168888
1712704122612 0.026218704879283905 168984
1712704122716 0.026218704879283905 169088
1712704122795 0.026218704879283905 169128
1712704123502 0.026221122592687607 169272
1712704123590 0.026221122592687607 169320
1712704123670 0.026221122592687607 169360
1712704124375 0.02622116170823574 169512
1712704124458 0.02622116170823574 169568
1712704124559 0.02622116170823574 169664
1712704125326 0.02621200866997242 169760
1712704125406 0.02621200866997242 169792
1712704125504 0.02621200866997242 169928
1712704126300 0.026211891323328018 170024
1712704126376 0.026211891323328018 170032
1712704126474 0.026211891323328018 170176
1712704126556 0.026211891323328018 170232
1712704127165 0.026221521198749542 170336
1712704127254 0.026221521198749542 170416
1712704127338 0.026221521198749542 170472
1712704128073 0.0262160524725914 170608
1712704128161 0.0262160524725914 170656
1712704128237 0.0262160524725914 170672
1712704128957 0.026215385645627975 170848
1712704129041 0.026215385645627975 170912
1712704129130 0.026215385645627975 171008
1712704129839 0.026215579360723495 171088
1712704129921 0.026215579360723495 171112
1712704130023 0.026215579360723495 171264
1712704130721 0.02621578425168991 171344
1712704130800 0.02621578425168991 171360
1712704130898 0.02621578425168991 171520
1712704131606 0.026217546314001083 171600
1712704131693 0.026217546314001083 171696
1712704131781 0.026217546314001083 171744
1712704132487 0.026222361251711845 171800
1712704132585 0.026222361251711845 171944
1712704133334 0.026220310479402542 172040
1712704133414 0.026220310479402542 172040
1712704133532 0.026220310479402542 172184
1712704133632 0.026220310479402542 172280
1712704134350 0.02621200680732727 172368
1712704134430 0.02621200680732727 172408
1712704134512 0.02621200680732727 172440
1712704135239 0.026208411902189255 172640
1712704135327 0.026208411902189255 172720
1712704135404 0.026208411902189255 172720
1712704136141 0.026200711727142334 172848
1712704136233 0.026200711727142334 172952
1712704137020 0.026196099817752838 173072
1712704137094 0.026196099817752838 173072
1712704137175 0.026196099817752838 173088
1712704137295 0.026196099817752838 173272
1712704138080 0.026192042976617813 173360
1712704138155 0.026192042976617813 173368
1712704138268 0.026192042976617813 173512
1712704139066 0.026195598766207695 173616
1712704139160 0.026195598766207695 173736
1712704139235 0.026195598766207695 173744
1712704139314 0.026195598766207695 173752
1712704140134 0.026200145483016968 173944
1712704140224 0.026200145483016968 174008
1712704140309 0.026200145483016968 174048
1712704141116 0.0262053981423378 174168
1712704141204 0.0262053981423378 174272
1712704142028 0.02620614320039749 174400
1712704142104 0.02620614320039749 174400
1712704142176 0.02620614320039749 174400
1712704142982 0.026207871735095978 174608
1712704143062 0.026207871735095978 174664
1712704143141 0.026207871735095978 174688
1712704143249 0.026207871735095978 174808
1712704144057 0.026213375851511955 174920
1712704144166 0.026213375851511955 175048
1712704144240 0.026213375851511955 175048
1712704145029 0.026214364916086197 175112
1712704145166 0.026214364916086197 175272
1712704145250 0.026214364916086197 175328
1712704145327 0.026214364916086197 175336
1712704146028 0.02621334046125412 175448
1712704146119 0.02621334046125412 175552
1712704146834 0.026218948885798454 175688
1712704146913 0.026218948885798454 175712
1712704146997 0.026218948885798454 175776
1712704147725 0.026229629293084145 175928
1712704147807 0.026229629293084145 175968
1712704147890 0.026229629293084145 176000
1712704147975 0.026229629293084145 176064
1712704148709 0.02624479867517948 176224
1712704148805 0.02624479867517948 176360
1712704148884 0.02624479867517948 176384
1712704149569 0.026244673877954483 176440
1712704149665 0.026244673877954483 176584
1712704149752 0.026244673877954483 176624
1712704149825 0.026244673877954483 176632
1712704151150 0.026237476617097855 176712
1712704151257 0.026237476617097855 176888
1712704152017 0.026236146688461304 177000
1712704152095 0.026236146688461304 177024
1712704152194 0.026236146688461304 177112
1712704152994 0.026226535439491272 177224
1712704153070 0.026226535439491272 177248
1712704153152 0.026226535439491272 177272
1712704153253 0.026226535439491272 177368
1712704154056 0.026208335533738136 177576
1712704154832 0.02621844783425331 177672
1712704154913 0.02621844783425331 177704
1712704154995 0.02621844783425331 177752
1712704155108 0.02621844783425331 177896
1712704155187 0.02621844783425331 177904
1712704155954 0.02622310072183609 177928
1712704156071 0.02622310072183609 178048
1712704156907 0.026223383843898773 178224
1712704157009 0.026223383843898773 178328
1712704157092 0.026223383843898773 178360
1712704157887 0.026214897632598877 178456
1712704157987 0.026214897632598877 178552
1712704158063 0.026214897632598877 178560
1712704158140 0.026214897632598877 178560
1712704158249 0.026214897632598877 178688
1712704159064 0.02621776983141899 178880
1712704159867 0.02620999701321125 178992
1712704159948 0.02620999701321125 179016
1712704160043 0.02620999701321125 179088
1712704160154 0.02620999701321125 179200
1712704160227 0.02620999701321125 179200
1712704161003 0.02621731534600258 179232
1712704161102 0.02621731534600258 179328
1712704161921 0.026221564039587975 179504
1712704162037 0.026221564039587975 179648
1712704162119 0.026221564039587975 179672
1712704162929 0.026236381381750107 179752
1712704163020 0.026236381381750107 179840
1712704163097 0.026236381381750107 179848
1712704163178 0.026236381381750107 179872
1712704163926 0.02623928338289261 179984
1712704164036 0.02623928338289261 180128
1712704165122 0.02624749392271042 180304
1712704165238 0.02624749392271042 180312
1712704165375 0.02624749392271042 180368
1712704166258 0.026254160329699516 180496
1712704166358 0.026254160329699516 180528
1712704166460 0.026254160329699516 180560
1712704166567 0.026254160329699516 180632
1712704167380 0.026248997077345848 180784
1712704167506 0.026248997077345848 180960
1712704167595 0.026248997077345848 180960
1712704168356 0.026255905628204346 181016
1712704168477 0.026255905628204346 181144
1712704168579 0.026255905628204346 181176
1712704168669 0.026255905628204346 181184
1712704169458 0.026248324662446976 181304
1712704169578 0.026248324662446976 181432
1712704170317 0.026242421939969063 181616
1712704170409 0.026242421939969063 181648
1712704170495 0.026242421939969063 181664
1712704171320 0.026247281581163406 181808
1712704171411 0.026247281581163406 181832
1712704171516 0.026247281581163406 181848
1712704172375 0.026252947747707367 182040
1712704172484 0.026252947747707367 182080
1712704172611 0.026252947747707367 182256
1712704172708 0.026252947747707367 182264
1712704173911 0.026258794590830803 182304
1712704174057 0.026258794590830803 182432
1712704174162 0.026258794590830803 182512
1712704174903 0.02626579813659191 182544
1712704175040 0.02626579813659191 182704
1712704175141 0.02626579813659191 182704
1712704176005 0.026259921491146088 182896
1712704176099 0.026259921491146088 182920
1712704176199 0.026259921491146088 182952
1712704176992 0.02625567466020584 183088
1712704177088 0.02625567466020584 183136
1712704177186 0.02625567466020584 183192
1712704178068 0.02625834196805954 183336
1712704178167 0.02625834196805954 183384
1712704178284 0.02625834196805954 183528
1712704179040 0.026268452405929565 183576
1712704179135 0.026268452405929565 183600
1712704179264 0.026268452405929565 183736
1712704180058 0.026255078613758087 183816
1712704180151 0.026255078613758087 183840
1712704180284 0.026255078613758087 184000
1712704180380 0.026255078613758087 184024
1712704181128 0.026249822229146957 184168
1712704181223 0.026249822229146957 184224
1712704181312 0.026249822229146957 184232
1712704182186 0.026263000443577766 184360
1712704182293 0.026263000443577766 184512
1712704182390 0.026263000443577766 184552
1712704183138 0.02626650780439377 184648
1712704183231 0.02626650780439377 184680
1712704184027 0.026271386072039604 184840
1712704184129 0.026271386072039604 184880
1712704184245 0.026271386072039604 184896
1712704184360 0.026271386072039604 185016
1712704185203 0.0262681245803833 185168
1712704185300 0.0262681245803833 185224
1712704185399 0.0262681245803833 185304
1712704185494 0.0262681245803833 185344
1712704186421 0.026270780712366104 185488
1712704186513 0.026270780712366104 185520
1712704186610 0.026270780712366104 185544
1712704187354 0.026280716061592102 185656
1712704187475 0.026280716061592102 185832
1712704188203 0.026287533342838287 185864
1712704188315 0.026287533342838287 185976
1712704188422 0.026287533342838287 185984
1712704189258 0.02629847079515457 186152
1712704189347 0.02629847079515457 186168
1712704189449 0.02629847079515457 186208
1712704189557 0.02629847079515457 186272
1712704190282 0.02631165273487568 186464
1712704190366 0.02631165273487568 186480
1712704190469 0.02631165273487568 186600
1712704190552 0.02631165273487568 186600
1712704191246 0.026324525475502014 186816
1712704191330 0.026324525475502014 186824
1712704191418 0.026324525475502014 186856
1712704192100 0.026333382353186607 186920
1712704192211 0.026333382353186607 187096
1712704192303 0.026333382353186607 187120
1712704193047 0.026338497176766396 187256
1712704193129 0.026338497176766396 187264
1712704193888 0.02634608931839466 187488
1712704193979 0.02634608931839466 187496
1712704194069 0.02634608931839466 187496
1712704194167 0.02634608931839466 187568
1712704194875 0.02635207399725914 187768
1712704194960 0.02635207399725914 187800
1712704195056 0.02635207399725914 187896
1712704195765 0.026348084211349487 187944
1712704195865 0.026348084211349487 188088
1712704195952 0.026348084211349487 188128
1712704196646 0.02635219320654869 188184
1712704196728 0.02635219320654869 188200
1712704196845 0.02635219320654869 188416
1712704197553 0.0263555645942688 188456
1712704197652 0.0263555645942688 188552
1712704197744 0.0263555645942688 188600
1712704199570 0.026369186118245125 188736
1712704199702 0.026369186118245125 188768
1712704199789 0.026369186118245125 188816
1712704199881 0.026369186118245125 188848
1712704200617 0.02638274058699608 189048
1712704200708 0.02638274058699608 189112
1712704201389 0.02639813721179962 189208
1712704201481 0.02639813721179962 189272
1712704201581 0.02639813721179962 189392
1712704202245 0.026401232928037643 189448
1712704202335 0.026401232928037643 189456
1712704202795 0.026401232928037643 189488
1712704202910 0.026401232928037643 189680
1712704203640 0.026395399123430252 189760
1712704203737 0.026395399123430252 189880
1712704204420 0.026395399123430252 189936
1712704205151 0.026408318430185318 190064
1712704205471 0.026408318430185318 190104
1712704205552 0.026408318430185318 190128
1712704205631 0.026408318430185318 190144
1712704206723 0.02641664817929268 190336
1712704206808 0.02641664817929268 190384
1712704207575 0.026415124535560608 190520
1712704207658 0.026415124535560608 190568
1712704208461 0.026422711089253426 190752
1712704208542 0.026422711089253426 190760
1712704208630 0.026422711089253426 190792
1712704208710 0.026422711089253426 190792
1712704209470 0.026431865990161896 190984
1712704209571 0.026431865990161896 191096
1712704209664 0.026431865990161896 191168
1712704210443 0.02642475813627243 191288
1712704210551 0.02642475813627243 191400
1712704210745 0.02642475813627243 191416
1712704210831 0.02642475813627243 191432
1712704210913 0.02642475813627243 191456
1712704211623 0.026426102966070175 191616
1712704211722 0.026426102966070175 191744
1712704212428 0.026433993130922318 191816
1712704212523 0.026433993130922318 191920
1712704213264 0.026424583047628403 192040
1712704213344 0.026424583047628403 192048
1712704213421 0.026424583047628403 192056
1712704213503 0.026424583047628403 192096
1712704213618 0.026424583047628403 192240
1712704214392 0.026405084878206253 192464
1712704214474 0.026405084878206253 192480
1712704215521 0.026394784450531006 192712
1712704215598 0.026394784450531006 192720
1712704215683 0.026394784450531006 192752
1712704216443 0.026409758254885674 192864
1712704217202 0.026427607983350754 193096
1712704217282 0.026427607983350754 193104
1712704217363 0.026427607983350754 193120
1712704218128 0.026419442147016525 193352
1712704218279 0.026419442147016525 193360
1712704218362 0.026419442147016525 193392
1712704218438 0.026419442147016525 193392
1712704218532 0.026419442147016525 193488
1712704219285 0.026430968195199966 193696
1712704219371 0.026430968195199966 193760
1712704219447 0.026430968195199966 193784
1712704220083 0.026437170803546906 194000
1712704220165 0.026437170803546906 194040
1712704220242 0.026437170803546906 194048
1712704220315 0.026437170803546906 194048
1712704220938 0.026444409042596817 194200
1712704221561 0.026452213525772095 194344
1712704221644 0.026452213525772095 194408
1712704221740 0.026452213525772095 194496
1712704222484 0.026459114626049995 194680
1712704222561 0.026459114626049995 194688
1712704222642 0.026459114626049995 194712
1712704222716 0.026459114626049995 194720
1712704223448 0.026456736028194427 194864
1712704223544 0.026456736028194427 194992
1712704224287 0.026472099125385284 195112
1712704224372 0.026472099125385284 195120
1712704224487 0.026472099125385284 195312
1712704225183 0.026490775868296623 195336
1712704225262 0.026490775868296623 195344
1712704225339 0.026490775868296623 195360
1712704225454 0.026490775868296623 195504
1712704226191 0.02649914287030697 195664
1712704226296 0.02649914287030697 195760
1712704226373 0.02649914287030697 195760
1712704227114 0.02650592103600502 195952
1712704227193 0.02650592103600502 195984
1712704227279 0.02650592103600502 196024
1712704227991 0.026508066803216934 196120
1712704228099 0.026508066803216934 196328
1712704228807 0.026519637554883957 196392
1712704228887 0.026519637554883957 196416
1712704228981 0.026519637554883957 196528
1712704229069 0.026519637554883957 196600
1712704229764 0.026533007621765137 196640
1712704229846 0.026533007621765137 196696
1712704229937 0.026533007621765137 196792
1712704230555 0.026545634493231773 196960
1712704230643 0.026545634493231773 197048
1712704230718 0.026545634493231773 197056
1712704231333 0.026553921401500702 197176
1712704231422 0.026553921401500702 197272
1712704231505 0.026553921401500702 197312
1712704231587 0.026553921401500702 197352
1712704232190 0.026570243760943413 197416
1712704232294 0.026570243760943413 197592
1712704233019 0.026578444987535477 197680
1712704233098 0.026578444987535477 197712
1712704233193 0.026578444987535477 197808
1712704233948 0.026595573872327805 197928
1712704234028 0.026595573872327805 197944
1712704234120 0.026595573872327805 198000
1712704234200 0.026595573872327805 198056
1712704234834 0.026603583246469498 198296
1712704234917 0.026603583246469498 198344
1712704234996 0.026603583246469498 198360
1712704235607 0.02663133107125759 198448
1712704235701 0.02663133107125759 198560
1712704235781 0.02663133107125759 198592
1712704235861 0.02663133107125759 198624
1712704236581 0.02665497548878193 198728
1712704237333 0.02667485550045967 198968
1712704237410 0.02667485550045967 198976
1712704237483 0.02667485550045967 198976
1712704237571 0.02667485550045967 199064
1712704238305 0.026697838678956032 199192
1712704238390 0.026697838678956032 199248
1712704238464 0.026697838678956032 199248
1712704238556 0.026697838678956032 199352
1712704239182 0.026720687747001648 199592
1712704239259 0.026720687747001648 199600
1712704239336 0.026720687747001648 199624
1712704239984 0.026738131418824196 199704
1712704240086 0.026738131418824196 199832
1712704240175 0.026738131418824196 199880
1712704240254 0.026738131418824196 199888
1712704241454 0.026757018640637398 200080
1712704242243 0.026775628328323364 200248
1712704242324 0.026775628328323364 200264
1712704242399 0.026775628328323364 200272
1712704242482 0.026775628328323364 200328
1712704243288 0.026799220591783524 200496
1712704243375 0.026799220591783524 200544
1712704243474 0.026799220591783524 200704
1712704244296 0.02682724967598915 200896
1712704244373 0.02682724967598915 200904
1712704244447 0.02682724967598915 200904
1712704244523 0.02682724967598915 200912
1712704245311 0.02685569040477276 200968
1712704245407 0.02685569040477276 201088
1712704245491 0.02685569040477276 201120
1712704246316 0.026872795075178146 201288
1712704246430 0.026872795075178146 201432
1712704246511 0.026872795075178146 201464
1712704247324 0.026862269267439842 201520
1712704248193 0.026865895837545395 201904
1712704248287 0.026865895837545395 201968
1712704249787 0.026842284947633743 202400
1712704250591 0.026844380423426628 202520
1712704251441 0.026856185868382454 202864
1712704261860 0.026938341557979584 206824
1712704263809 0.026951588690280914 207592
1712704267653 0.026958726346492767 209080
1712704267740 0.026958726346492767 209112
1712704268353 0.026961229741573334 209280
1712704268981 0.026966586709022522 209512
1712704271136 0.02697700262069702 210512
1712704271783 0.026983652263879776 210856
1712704279290 0.027028651908040047 213576
1712704282942 0.027017273008823395 214816
1712704284899 0.027025951072573662 215584
1712704285690 0.027029573917388916 215992
1712704287532 0.02703106589615345 216504
1712704288885 0.027041003108024597 217072
1712704289609 0.027046814560890198 217104
1712704290487 0.027036089450120926 217504
1712704293402 0.0270654559135437 218504
1712704301134 0.027085091918706894 221568
1712704306181 0.02712276205420494 223576
1712704306939 0.027128905057907104 223984
1712704308281 0.027132291346788406 224496
1712704310222 0.027148377150297165 225064
1712704310303 0.027148377150297165 225096
1712704311069 0.027147382497787476 225496
1712704313665 0.027158347889780998 226496
1712704315043 0.027165120467543602 227064
1712704316484 0.02716938406229019 227472
1712704321152 0.02717871591448784 229376
1712704327658 0.027162132784724236 231568
1712704330481 0.027149148285388947 232488
1712704330565 0.027149148285388947 232544
1712704331928 0.02716021053493023 233056
1712704332010 0.02716021053493023 233088
1712704332852 0.02716231532394886 233232
1712704335498 0.027148012071847916 234488
1712704338031 0.027142507955431938 235464
1712704342401 0.027124855667352676 237112
1712704348156 0.027129454538226128 239560
1712704350692 0.027125444263219833 240480
1712704350777 0.027125444263219833 240536
1712704351914 0.02711990475654602 241048
1712704351995 0.02711990475654602 241080
1712704352662 0.027114398777484894 241224
1712704358350 0.02710287645459175 243456
1712704363384 0.0270929504185915 245104
1712704367723 0.027098439633846283 246664
1712704370008 0.02710474282503128 247552
1712704372293 0.027102813124656677 248296
1712704373069 0.027102554216980934 248336
1712704373151 0.027102554216980934 248368
1712704373252 0.027102554216980934 248472
1712704373342 0.027102554216980934 248528
1712704374107 0.02710595354437828 248600
1712704374188 0.02710595354437828 248632
1712704374263 0.02710595354437828 248632
1712704375608 0.0270916149020195 249136
1712704375695 0.0270916149020195 249216
1712704375771 0.0270916149020195 249232
1712704375861 0.0270916149020195 249336
1712704376515 0.02709253504872322 249424
1712704376603 0.02709253504872322 249504
1712704376679 0.02709253504872322 249528
1712704376755 0.02709253504872322 249544
1712704378774 0.02709319069981575 250040
